0 56
0 1987
0 2047
0 105
0 87
0 2231
0 77
0 558
0 78
0 1386
0 48
0 659
1 2012
1 201
1 290
1 164
1 342
2 971
2 450
2 1892
2 1892
2 2084
2 1412
2 440
2 652
2 409
2 1113
2 1965
2 608
2 1412
2 1855
2 154
2 262
2 372
2 641
2 301
3 1306
3 2168
3 1291
3 2084
3 1853
3 1249
3 1915
3 1144
3 237
3 190
3 1238
3 997
3 1355
3 2227
3 233
3 1359
3 1339
3 1177
3 283
3 320
3 2098
3 703
3 1149
4 1249
4 1022
4 1902
4 2059
4 717
4 927
4 737
4 1592
4 1591
4 722
4 1452
4 613
4 1697
4 927
4 1584
4 957
4 948
4 1417
4 1689
4 1042
4 1685
4 669
4 132
4 603
4 1524
4 603
4 1435
4 927
5 1752
5 488
5 1820
5 585
5 2247
5 1067
5 1627
5 1532
5 172
5 65
5 1575
5 557
5 1675
5 1524
5 1808
5 643
5 158
5 1486
5 172
5 1449
5 956
5 731
5 2274
5 167
5 99
5 105
5 2054
5 1891
5 555
5 1519
5 487
5 581
5 35
5 1589
5 167
5 2308
5 849
5 1435
5 992
5 70
5 1028
5 1820
5 1805
5 680
5 561
5 99
5 2055
5 1545
5 1954
5 1109
5 690
5 1530
5 60
5 168
5 1516
5 156
5 2303
5 2062
5 70
5 1717
5 202
5 661
5 673
5 700
5 74
5 686
5 561
5 576
5 2054
5 120
5 1831
5 597
5 704
5 2103
5 2310
5 2028
5 2206
5 119
5 1833
5 415
5 1274
5 659
5 1481
5 704
5 2270
5 1418
5 23
5 1840
5 69
5 1757
5 2031
5 698
5 773
5 1409
5 1947
5 1432
5 2283
5 971
5 234
5 1466
5 2180
5 543
5 1429
5 647
5 912
5 1347
5 104
5 2104
5 585
5 163
5 1775
5 1420
5 631
5 1815
5 157
5 1004
5 298
5 662
5 2077
5 632
5 1426
5 448
5 1988
5 1680
5 272
5 326
5 671
5 1755
5 185
5 931
5 694
5 42
5 801
5 1811
5 163
5 1693
5 210
5 1481
5 2120
5 59
5 1276
5 37
5 2074
5 2054
5 277
5 153
5 1449
5 51
5 179
5 1802
5 463
5 181
5 21
5 555
5 35
5 1559
5 2181
5 556
5 140
5 1004
5 1881
5 698
5 1662
5 161
5 1742
5 664
5 46
5 1678
5 1386
5 60
5 36
5 1819
5 979
5 37
5 112
5 84
5 221
5 1488
5 160
5 47
5 2011
5 73
5 1775
5 787
5 1653
5 543
5 201
5 1813
5 1273
5 115
5 2084
5 1757
5 588
5 170
5 801
5 2090
5 2060
5 2032
5 49
5 643
5 4
5 1985
5 1461
5 1431
5 2010
5 2308
5 2310
5 1824
5 601
5 64
5 170
5 917
5 1829
5 85
5 2258
5 1676
5 187
5 1557
5 333
5 946
5 2083
5 1752
5 1683
5 657
5 186
5 947
5 2258
5 2062
5 1827
5 954
5 1716
5 2023
5 1942
5 99
5 829
5 1757
5 946
5 438
5 234
5 1514
5 9
5 2323
5 38
5 993
5 168
5 671
5 1941
5 94
5 2229
5 141
5 671
5 146
5 704
5 2164
5 163
5 950
5 159
5 1053
5 120
5 1839
5 1719
5 572
5 56
5 85
5 620
5 698
5 981
5 200
5 239
5 2015
5 478
5 461
5 1424
5 58
5 2061
5 362
5 585
5 2275
5 190
5 662
5 147
5 1602
5 1833
5 152
5 2024
5 2155
5 2311
5 955
5 1821
5 1830
5 657
5 1540
5 52
5 650
5 1077
5 570
5 940
5 464
5 1833
5 1499
5 698
5 671
5 94
5 49
5 1580
5 1709
5 47
5 2291
5 1563
5 946
5 1735
5 1414
5 1955
5 1551
5 39
5 966
5 1976
5 1866
5 799
5 1619
5 179
5 1592
5 149
5 725
5 1914
5 2066
5 2011
5 2110
5 2069
5 1510
5 2275
5 65
5 172
5 1817
5 597
5 224
5 100
5 990
5 1986
5 208
5 1451
5 1531
5 1751
5 573
5 667
5 192
5 570
5 6
5 1087
5 1554
5 1801
5 1752
5 27
5 1510
5 55
5 555
5 87
5 1580
5 234
5 550
5 2079
5 183
5 2299
5 930
5 1810
5 167
5 731
5 23
5 1914
5 42
5 1757
5 148
5 604
5 1688
5 696
5 1988
5 2275
5 1431
5 1682
5 1542
5 2079
5 662
5 8
5 175
5 1006
5 1662
5 111
5 2034
5 1399
5 1828
5 69
5 1409
5 1444
5 164
5 58
5 737
5 914
5 2190
5 2031
5 602
5 84
5 556
5 655
5 29
5 210
5 2202
5 2202
5 234
5 152
5 95
5 98
5 2140
5 920
5 97
5 62
5 330
5 1441
5 446
5 2023
5 2193
5 166
5 194
5 2141
5 1958
5 1675
5 645
5 965
5 141
5 620
5 62
5 711
5 62
5 2276
5 1650
5 639
5 2291
5 175
5 1814
5 632
5 556
5 1637
5 1819
5 1679
5 173
5 554
5 1827
5 1829
5 657
5 194
5 860
5 1434
5 1830
5 439
5 1954
5 59
5 1821
5 841
5 1344
5 948
5 91
5 98
5 633
5 2209
5 637
5 40
5 42
5 74
5 2291
5 298
5 170
5 1597
5 1817
5 2308
5 1774
5 1297
5 556
5 1987
5 1502
5 715
5 904
5 109
5 1349
5 2164
5 1580
5 151
5 2064
5 1554
5 1811
5 1297
5 2236
5 1816
5 1828
5 167
5 1720
5 1827
5 1792
5 667
5 1818
5 1986
5 159
5 159
5 1025
5 934
5 1511
5 1764
5 55
5 1548
5 906
5 220
5 748
5 590
5 2310
5 153
5 1083
5 2010
5 37
5 1467
5 1557
5 1775
5 799
5 215
5 88
5 2011
5 1008
5 639
5 1683
5 2121
5 1989
5 2215
5 7
5 1602
5 2230
5 1816
5 1679
5 1759
5 2031
5 2231
5 1795
5 88
5 1513
5 2061
5 1510
5 1585
5 74
5 2100
5 194
5 2276
5 2258
5 194
5 1519
5 1455
5 1274
5 1850
5 514
5 1828
5 635
5 620
5 1752
5 1166
5 2052
5 3
5 148
5 1976
5 1436
5 151
5 1795
5 1477
5 829
5 2054
5 52
5 3
5 1516
5 620
5 568
5 38
5 1728
5 2310
5 1651
5 74
5 206
5 26
5 58
5 589
5 1792
5 1770
5 1820
5 2065
5 1693
5 1676
5 100
5 2130
5 1541
5 671
5 168
5 80
5 36
5 2188
5 1273
5 175
5 1753
5 2181
5 1687
5 2267
5 1816
5 100
5 1817
5 1436
5 579
5 2303
5 594
5 1399
5 2236
5 704
5 1531
5 1541
5 1627
5 104
5 1778
5 1601
5 1817
5 1541
5 234
5 1528
5 2199
5 111
5 1812
5 1814
5 581
5 56
5 1554
5 176
5 2032
5 578
5 94
5 711
5 567
5 155
5 1505
5 163
5 170
5 715
5 2308
5 298
5 299
5 1833
5 600
5 663
5 64
5 2257
5 2076
5 662
5 1867
5 1778
5 164
5 375
5 135
5 975
5 581
5 128
5 2123
5 2018
5 1791
5 1821
5 1823
5 298
5 85
5 159
5 247
5 76
5 1530
5 2245
5 224
5 2274
5 103
5 1513
5 1914
5 78
5 1452
5 1817
5 77
5 74
5 1081
5 1424
5 219
5 1595
5 2285
5 1612
5 216
5 1833
5 2030
5 2308
5 438
5 651
5 41
5 1793
5 2310
5 570
5 1589
5 62
5 141
5 2274
5 1461
5 482
5 1706
5 624
5 1842
5 576
5 95
5 175
5 2176
5 1565
5 639
5 57
5 1757
5 163
5 1126
5 1801
5 1529
5 207
5 134
5 953
5 1300
5 1736
5 127
5 635
5 1488
5 446
5 1833
5 162
5 696
5 956
5 1853
5 1703
5 631
5 2248
5 1952
5 1596
5 1116
5 1525
5 2307
5 557
5 950
5 58
5 557
5 2032
5 2276
5 1087
5 557
5 1622
5 1816
5 54
5 142
5 1678
5 1703
5 1563
5 438
5 1608
5 557
5 661
5 2128
5 1550
5 1505
5 2027
5 76
5 1407
5 2323
5 22
5 1540
5 2268
5 573
5 829
5 1914
5 2156
5 2049
5 661
5 157
5 733
5 559
5 572
5 2140
5 181
5 141
5 2021
5 62
5 663
5 572
6 874
6 1305
6 607
6 1959
7 1386
7 161
7 134
7 37
7 87
7 1386
7 227
7 2018
7 1966
7 51
7 543
8 789
8 2249
8 1266
8 1314
8 1361
8 247
8 2024
8 2217
8 1644
8 488
8 892
8 1063
8 1265
8 717
8 1294
8 824
8 1327
8 743
8 918
8 1341
8 1968
8 923
8 1323
8 859
8 1360
8 1781
8 866
8 966
8 1515
8 295
8 762
8 543
8 1910
8 1876
8 1187
8 1273
8 900
8 2239
8 2108
8 1296
8 442
8 2112
8 2129
8 1702
8 2174
8 846
8 1136
8 2088
9 505
9 84
9 121
9 972
9 2057
9 1868
9 94
9 232
9 1052
9 358
9 2025
9 110
9 2009
9 524
9 768
9 1536
9 1038
9 1651
9 2161
9 2230
9 1915
9 279
9 805
9 784
9 1439
9 70
9 901
9 1405
9 664
9 27
9 829
9 1013
9 2021
9 237
9 901
9 309
9 135
9 10
9 840
9 573
9 1415
9 1617
9 1314
9 2267
9 709
9 221
9 682
9 298
9 1876
9 157
9 2175
9 2156
9 901
9 1684
9 1405
9 23
9 424
9 1676
9 1415
9 1415
9 206
9 276
9 1926
9 2267
9 1038
9 47
9 584
9 1599
9 159
9 339
9 403
9 1306
9 955
9 182
9 2015
9 207
9 662
9 657
9 53
9 264
9 85
9 972
9 32
9 69
9 985
9 2275
9 4
9 2221
9 29
9 765
9 106
9 338
9 31
9 606
9 971
9 1052
9 1536
9 193
9 1463
9 1279
9 1349
9 1559
9 186
9 133
9 346
9 1781
9 784
9 2003
9 1278
9 2156
9 37
9 211
9 1530
9 2308
9 173
10 1323
10 1327
10 1530
10 900
10 2221
10 1559
10 394
10 866
10 479
10 488
10 1622
10 1910
10 762
10 1273
10 1294
10 2024
10 2314
10 1361
10 551
10 2112
10 1341
10 1187
10 1411
10 1324
10 910
10 1883
10 966
10 2249
10 1895
10 1985
10 533
10 2175
10 1381
10 295
10 1231
10 866
11 1732
11 327
11 802
11 2055
11 1992
11 1585
11 1394
11 1339
11 371
11 1935
11 1309
11 70
11 800
11 1514
11 2206
11 1789
11 1387
11 1617
11 2318
11 2000
11 629
11 1962
11 1595
11 1359
11 1853
11 410
11 1109
11 527
11 2161
11 1415
11 1187
11 1311
11 512
11 1187
11 247
11 906
11 525
11 2043
11 2138
11 146
11 1888
12 737
12 1658
12 619
12 570
13 551
13 104
13 533
13 162
13 514
13 385
13 1300
13 1678
13 342
13 2034
13 186
13 457
13 258
13 368
13 2125
13 1381
13 2017
13 237
13 24
13 220
13 1278
13 584
13 74
13 1341
13 8
13 438
13 2041
13 200
13 2106
13 543
13 1375
13 518
13 287
13 48
13 492
13 1317
13 2122
13 386
13 408
13 119
13 273
13 329
13 219
13 120
13 323
13 297
13 9
13 419
13 54
13 1914
13 1319
13 2138
13 2264
13 2145
13 407
14 557
14 37
14 1386
14 76
14 161
14 84
14 1970
15 24
15 27
15 2021
15 846
15 23
15 2210
15 148
15 36
15 707
15 62
15 576
15 1418
15 85
15 37
15 121
15 7
15 936
15 44
15 53
15 28
15 41
15 79
15 637
15 2032
15 83
15 76
15 875
15 1391
15 686
15 44
15 568
15 97
15 946
15 2021
15 1481
15 2311
15 2121
15 2120
15 719
15 2010
15 103
15 1530
15 556
15 116
15 107
15 1420
15 1531
15 1533
15 2069
15 741
15 31
15 20
15 2025
15 1006
15 129
15 310
15 10
15 2309
15 87
15 116
15 57
15 79
15 183
15 77
15 1437
15 54
15 696
15 15
15 290
15 966
15 599
15 2021
15 2197
15 558
15 72
15 164
15 960
15 158
15 938
15 1490
15 80
15 1273
15 2287
15 81
15 2069
15 1447
15 690
15 2031
15 155
15 2170
15 758
15 80
15 113
15 105
15 41
15 100
15 181
15 993
15 83
15 689
15 1433
15 686
15 567
15 654
15 2015
15 2311
15 557
15 945
15 611
15 160
15 650
15 570
15 586
15 54
15 27
15 56
15 99
15 869
15 1452
15 2311
15 23
15 663
15 1418
15 1000
15 1492
15 158
15 969
15 65
15 162
15 65
15 127
15 969
15 2018
15 116
15 2027
15 966
15 2110
15 2313
15 1443
15 132
15 943
15 70
15 32
15 1424
15 565
15 312
15 146
15 2054
15 28
15 1486
15 707
15 1067
15 129
15 1432
15 985
15 678
15 154
15 1420
15 60
15 42
15 146
15 21
15 2137
15 127
15 570
15 62
15 45
15 2021
15 236
15 694
15 560
15 1449
15 2021
15 2136
15 659
15 2272
15 78
15 1274
15 182
15 25
15 948
15 725
15 954
15 98
15 2029
15 9
15 71
15 2176
15 2033
15 104
15 570
15 1413
15 650
15 2025
15 74
15 45
15 63
15 87
15 8
15 1006
15 40
15 194
15 2076
15 707
15 14
15 2311
15 632
15 2136
15 1437
15 29
15 1497
15 95
15 564
15 2041
15 578
15 1438
15 1555
15 26
15 28
15 2069
15 2108
15 719
15 1483
15 41
15 179
15 2003
15 2311
15 42
15 46
15 26
15 2032
15 397
15 2034
15 2282
15 73
15 2310
15 690
15 2042
15 65
15 1463
15 258
15 84
15 45
15 2020
15 2121
15 2128
15 2152
15 570
15 64
15 952
15 19
15 170
15 762
15 2122
15 59
15 2019
15 44
15 954
15 2210
15 2046
15 680
15 183
15 67
15 2046
15 641
15 14
15 1461
15 23
15 2314
15 2285
15 198
15 82
15 996
15 849
15 129
15 1559
15 931
15 566
15 2031
15 194
15 684
15 2029
15 958
15 485
15 168
15 27
15 1531
15 1558
15 2054
15 578
15 1532
15 85
15 1417
15 585
15 18
15 61
15 120
15 1524
15 2303
15 2019
15 1426
15 2032
15 71
15 22
15 969
15 328
15 568
15 15
15 957
15 1596
15 966
15 2029
15 216
15 564
15 138
15 71
15 994
15 725
15 1403
15 72
15 3
15 2161
15 104
15 71
15 129
15 1391
15 1557
15 2123
15 219
15 29
15 1531
15 2012
15 62
15 673
15 2054
15 1499
15 1488
15 1723
15 234
15 396
15 993
15 663
15 985
15 22
15 2013
15 83
15 84
15 61
15 34
15 1499
15 564
15 557
15 2303
15 289
15 56
15 1499
15 2144
15 2009
15 963
15 1437
15 1531
15 694
15 158
15 1432
15 974
15 682
15 51
15 704
15 2166
15 33
15 1504
15 126
15 735
15 158
15 93
15 114
15 742
15 2258
15 609
15 1428
15 2287
15 742
15 574
15 162
15 54
15 2097
15 2029
15 1447
15 47
15 1332
15 1452
15 1511
15 19
15 132
15 135
15 85
15 567
15 312
15 62
15 36
15 387
15 59
15 9
15 2019
15 1432
15 966
15 4
15 719
15 2283
15 2024
15 1447
15 2025
15 44
15 971
15 2288
15 946
15 641
15 690
15 585
15 609
15 715
15 121
15 18
15 1524
15 311
15 2021
15 1465
15 185
15 1413
15 9
15 4
15 159
15 74
15 23
15 2288
15 69
15 181
15 869
15 2041
15 931
15 2012
15 1006
15 79
15 719
15 416
15 247
15 1435
15 88
15 2177
15 906
15 2014
15 553
15 2122
15 1533
15 993
15 2287
15 2308
15 39
15 74
15 70
15 51
15 1428
15 90
15 109
15 892
15 396
15 48
15 557
15 1010
15 568
15 1422
15 1445
15 900
15 554
15 1430
15 142
15 610
15 690
15 22
15 953
15 185
15 294
15 21
15 2311
15 171
15 79
15 85
15 51
15 27
15 37
15 35
15 1519
15 49
15 1463
15 2048
15 2021
15 1438
15 1494
15 1459
15 1413
15 26
15 2023
15 2197
15 635
15 30
15 1520
15 1498
15 2026
15 2107
15 76
15 1391
15 1431
15 109
15 2025
15 46
15 1399
15 107
15 25
15 8
15 141
15 129
15 129
15 55
15 8
15 80
15 953
15 1399
15 101
15 31
15 586
15 1497
15 45
15 27
15 609
15 100
15 2136
15 2107
15 2054
15 174
15 130
15 743
15 558
15 113
15 585
15 120
15 940
15 89
15 69
15 1499
15 1428
15 3
15 98
15 55
15 116
15 1532
15 1530
15 1465
15 2023
15 585
15 2010
15 1894
15 945
15 2084
15 1435
15 643
15 311
15 2152
15 1417
15 604
15 775
15 35
15 38
15 49
15 16
15 985
15 931
15 79
15 157
15 1438
15 120
15 53
15 353
15 2018
15 865
15 21
15 84
15 554
15 106
15 103
15 996
15 129
15 2123
15 138
15 54
15 671
15 4
15 2025
15 62
15 996
15 555
16 1592
16 1603
16 1689
16 1297
16 185
16 6
16 731
16 605
16 1680
16 738
16 1386
16 2274
16 1388
16 558
16 1955
16 85
16 1789
16 2170
16 871
16 1553
16 1552
16 718
16 945
16 18
16 2076
16 2156
16 606
16 1885
16 1843
16 645
16 1564
16 2166
16 2323
16 1492
16 29
16 855
16 1317
16 1658
16 382
16 1157
16 2042
16 1669
16 2024
16 1864
16 1044
16 607
16 1725
16 1422
16 1600
16 937
16 1657
17 768
17 2028
17 1540
17 1657
17 2170
17 1789
17 747
17 837
18 54
18 574
18 148
18 994
18 2276
18 641
18 1004
19 6
19 558
19 2068
19 24
20 230
20 517
20 852
20 380
20 935
20 99
20 567
20 760
20 64
20 157
20 1252
20 2167
20 1137
20 2034
20 1992
20 85
20 427
20 49
20 182
20 267
20 1761
20 225
20 959
20 37
20 1266
20 246
20 1805
20 42
20 450
20 21
20 79
20 1023
20 598
20 557
20 1596
20 252
20 77
20 1867
20 2055
20 2128
20 2104
20 524
20 1266
20 48
20 24
20 1302
20 945
20 84
20 1178
20 1888
20 94
20 1386
20 585
20 1907
20 785
20 2169
20 1435
20 664
20 1395
20 1300
20 433
20 384
20 64
20 1223
20 2217
20 570
20 1982
20 4
20 2055
20 76
20 7
20 116
20 735
20 906
20 643
20 172
20 66
20 241
20 958
20 1320
20 2278
20 2076
20 1496
20 147
20 8
20 41
20 1867
20 2156
20 1373
20 110
20 1010
20 299
20 311
20 2143
20 1784
20 2245
20 1589
20 2191
20 78
20 2057
20 784
20 1278
20 1461
20 1374
20 63
20 1732
20 2308
20 948
20 2049
20 263
20 407
20 54
20 771
20 618
20 829
20 100
20 130
20 864
20 1871
20 1679
20 3
20 1354
20 1492
20 357
20 1866
21 2084
21 238
21 905
21 1627
21 2053
21 1292
21 247
21 1356
21 219
21 1280
21 838
21 2167
21 1518
21 1013
21 1222
21 1539
21 1652
21 872
21 861
21 1095
21 2255
21 286
21 734
21 2112
21 2084
21 2320
21 608
21 1995
21 1252
21 2140
21 1332
21 1789
21 1431
21 1504
21 1507
21 1278
21 1952
21 1597
21 1746
21 464
21 960
21 311
21 908
21 1391
21 1539
21 527
21 737
21 1968
21 875
21 525
21 1266
21 751
21 1486
21 958
21 2062
21 1486
21 2132
21 872
21 2056
21 2011
21 1679
21 396
21 1541
21 1842
21 1852
21 1701
21 2262
21 1486
21 178
21 1016
21 1988
21 861
21 941
21 1806
21 1337
21 1114
21 1654
21 1618
21 2250
21 1619
22 1361
22 1867
22 1937
22 1505
22 218
22 534
22 59
22 1729
22 1870
22 1514
22 2175
22 2235
22 211
22 1325
22 672
22 2075
22 1627
22 1866
22 160
22 1337
22 984
22 737
22 1278
22 1541
22 2150
22 464
22 898
22 2049
22 1782
22 332
22 1651
22 2007
22 2167
22 1956
22 585
22 804
22 1451
22 1278
22 1831
22 2073
22 1320
22 340
22 1597
22 950
22 2216
22 172
22 1418
22 2067
23 70
23 5
23 1278
23 1830
23 1966
23 78
23 993
23 135
23 446
23 119
23 161
23 116
23 76
23 1605
23 2028
23 152
23 2308
23 148
23 68
23 106
23 105
23 156
23 1666
23 105
23 1868
23 172
23 119
23 2029
23 1723
23 1827
23 992
23 128
23 194
23 662
23 65
23 1461
23 186
23 1676
23 46
23 980
23 64
23 156
23 106
23 1398
23 161
23 1793
23 1816
23 782
23 1926
23 8
23 2306
23 1821
23 143
23 211
23 1596
23 1658
23 98
23 73
23 78
23 28
23 4
23 114
23 116
23 2066
23 42
23 2055
23 1386
23 126
23 2028
23 37
23 64
23 225
23 585
23 4
23 737
23 2099
23 817
23 99
23 176
23 2018
23 44
23 1029
23 74
23 643
23 145
23 1510
23 1339
23 1512
23 58
24 34
24 662
24 84
24 70
24 1910
24 2029
24 33
24 184
24 2055
24 234
24 1480
24 906
24 8
24 62
24 558
24 632
24 1010
24 1426
24 78
24 839
24 42
24 2077
24 432
24 99
24 771
24 108
24 65
24 113
24 139
24 76
24 39
24 2283
24 2039
24 1867
24 54
24 1591
24 596
24 85
24 823
24 564
24 105
24 2308
24 2021
24 59
24 105
24 51
24 86
24 1819
24 189
24 80
24 63
24 2308
24 133
24 2032
24 106
24 2030
24 121
24 1693
24 97
24 1808
24 168
24 2245
24 54
24 1339
24 1431
24 2021
24 243
24 126
24 135
24 2030
24 2047
24 126
24 300
24 163
24 86
24 1386
24 371
24 2029
24 4
24 1966
24 639
24 657
24 2309
24 106
24 1914
24 1344
24 58
24 1386
24 2308
24 1558
24 114
24 1492
24 1969
24 36
24 559
24 2257
24 1005
24 105
24 100
24 1828
24 2021
24 94
24 33
24 1309
24 567
24 52
24 87
24 78
24 116
24 2025
24 1970
24 130
24 1816
24 41
24 1562
24 2021
24 47
24 2030
24 64
24 77
24 75
24 2029
24 2120
24 70
24 740
24 45
24 120
24 42
24 1678
24 1347
24 64
24 1004
24 76
24 166
24 136
24 23
24 227
24 121
24 62
24 2308
24 35
24 2063
24 1822
24 74
24 2055
24 134
24 140
24 557
24 8
24 433
24 187
24 99
24 2020
24 55
24 1987
24 90
24 2033
24 42
24 1868
24 1062
24 4
24 2021
24 599
24 150
24 111
24 76
24 1461
24 2197
24 134
24 664
24 690
24 102
24 33
24 241
24 2231
24 1927
24 172
24 71
24 23
24 23
24 1554
24 148
24 23
24 37
24 110
24 543
24 2231
24 84
24 87
24 116
24 1888
24 76
24 2068
24 127
24 2217
24 105
24 194
24 94
24 124
25 418
25 2179
25 862
25 1659
25 1052
25 1490
25 1999
25 1658
25 2066
25 645
25 1752
25 1005
25 77
25 317
25 888
25 740
25 1886
25 1349
25 2032
25 1800
25 2275
25 1597
25 1673
25 71
25 1883
25 1759
25 839
25 1206
25 1005
25 172
25 673
25 1672
25 105
25 1746
25 557
25 1078
25 1817
25 2007
25 1767
25 1424
25 1307
25 1827
25 686
25 852
25 355
25 1701
25 1307
25 2160
25 1480
25 674
25 473
25 458
25 265
25 2127
25 1640
25 557
25 2088
25 1711
25 1737
25 41
25 839
25 861
25 2018
25 510
25 1862
25 786
25 1612
25 58
25 975
25 588
25 1185
25 540
26 6
26 432
26 238
26 787
26 896
26 1429
26 1551
26 598
26 1028
26 1559
26 802
26 71
26 851
26 53
26 283
26 71
26 2189
26 126
26 472
26 992
26 2035
26 1359
26 1839
26 1134
26 120
26 1604
26 220
26 51
26 170
26 514
26 1396
26 73
26 2256
26 1597
26 659
26 1733
26 1554
26 600
26 146
26 1958
26 399
26 1435
26 849
26 176
26 962
26 591
26 600
26 1586
26 494
26 1966
26 55
26 2076
26 1746
26 1935
26 2019
26 598
26 1119
26 1827
26 1757
26 1152
26 2041
26 1587
26 1211
26 200
26 2023
26 1789
26 1045
26 2273
26 1983
26 2099
26 763
26 1808
26 814
27 2066
27 93
27 2119
27 1978
27 1918
27 149
27 183
27 1307
27 101
27 127
27 78
27 580
27 158
27 179
27 1119
27 2306
27 114
27 1516
27 126
27 371
27 78
27 1657
27 2025
27 1847
27 165
27 149
27 1681
27 598
27 162
27 1657
27 171
27 1963
27 114
27 1600
27 1994
27 2272
27 87
27 588
27 1654
27 1675
27 158
27 1964
27 1570
27 589
27 1957
27 37
27 981
27 1963
27 1517
27 2066
27 806
27 591
27 79
27 1738
27 1558
27 2323
27 2294
27 1994
27 1627
27 78
27 1957
27 78
27 203
27 127
27 582
27 137
27 570
27 658
27 591
27 149
27 78
27 121
27 76
27 583
27 596
27 86
27 2169
27 1996
27 181
27 586
27 583
27 1694
27 640
27 174
27 1791
27 2161
27 1674
27 64
27 650
27 128
27 2099
27 1784
27 1549
27 102
27 114
27 2273
27 115
27 1848
27 1602
27 165
27 119
27 1996
27 1963
27 1481
27 259
27 1677
27 595
27 165
27 1000
27 1516
27 1726
27 1784
27 1725
27 1956
27 136
27 2027
27 117
27 1996
27 1558
27 121
27 981
27 1610
28 540
28 1492
28 263
28 664
28 44
28 126
28 150
28 1731
28 1166
28 94
28 2018
28 1359
28 823
28 606
28 335
28 2141
28 2034
28 1461
28 1866
28 157
28 1601
28 1386
28 2025
28 1013
28 2031
28 397
29 482
29 26
29 1092
29 737
29 114
29 35
29 1379
29 4
29 1628
29 663
29 740
29 128
29 883
29 1658
29 1481
29 171
29 1432
29 1890
29 1679
29 1015
29 116
29 1675
29 410
29 126
29 1719
29 103
29 1430
29 1751
29 88
29 1461
29 56
29 2245
29 88
29 557
29 96
29 31
29 8
29 1395
29 1867
29 2028
29 186
29 105
29 241
29 2029
29 98
29 731
29 181
29 2283
29 162
29 432
29 166
29 95
29 1867
29 1386
29 126
29 98
29 1558
29 640
29 88
29 771
29 2025
29 1537
29 524
29 945
29 2171
29 166
29 56
29 99
29 55
29 70
29 23
29 591
29 2099
29 1158
29 1983
29 1387
29 1658
29 43
29 163
29 29
29 160
29 1568
29 186
29 1492
29 148
29 2011
29 56
29 1868
29 186
29 134
29 1888
29 434
29 31
29 1817
29 418
29 643
29 1570
29 116
29 821
29 44
29 101
29 1446
29 224
29 1394
29 537
29 1805
29 136
29 644
29 103
29 234
29 2245
29 75
29 108
29 2020
29 778
29 76
29 551
29 2258
29 8
29 933
29 1830
29 513
29 1839
29 1110
29 851
29 73
29 58
29 111
29 63
29 54
29 2309
29 2311
29 2231
29 124
29 41
29 1540
29 2100
29 76
29 2308
29 74
29 1589
29 1597
29 267
29 65
29 2061
29 116
29 1308
29 1999
29 92
29 1031
29 35
29 570
29 2273
29 53
29 42
29 102
29 1706
29 679
29 1868
29 37
29 1319
29 560
29 864
29 75
29 182
29 181
29 1965
29 1827
29 662
29 1551
29 1885
29 2088
29 1782
29 163
29 133
29 975
29 78
29 776
29 1541
29 606
29 7
29 2129
29 647
29 430
29 1867
29 2046
29 106
29 564
29 1399
29 2034
29 557
29 1678
29 625
29 116
29 1152
29 78
29 934
29 898
29 371
30 2024
30 299
30 53
30 1393
30 1015
30 2031
30 114
30 108
30 88
30 72
30 126
30 0
30 1146
30 96
30 42
30 204
30 664
30 1808
30 77
30 1532
30 93
30 84
30 160
30 31
30 103
30 2076
30 104
30 4
30 1910
30 570
30 107
30 2309
30 2025
30 1565
30 137
30 65
30 1678
30 181
30 1015
30 2119
30 116
30 135
30 557
30 2029
30 186
30 2104
30 77
30 56
30 158
30 4
30 1886
30 20
30 1386
30 959
30 182
30 2119
30 1319
30 237
30 127
30 2275
30 113
30 62
30 94
30 8
30 100
30 499
30 1989
30 163
30 110
30 1867
30 84
30 2308
30 63
30 2180
30 243
30 132
30 2029
30 4
30 741
30 567
30 102
30 44
30 1731
30 2041
30 557
30 54
30 2021
30 116
30 520
30 606
30 994
30 42
30 60
30 87
31 2303
31 131
31 93
31 2310
31 8
31 568
31 25
31 993
31 73
31 73
31 1914
31 100
32 2181
32 1495
32 1808
32 348
32 1683
32 238
32 2176
32 1667
32 1426
32 2158
32 220
32 15
32 1782
32 1793
32 1561
32 200
32 947
32 1388
32 327
32 727
32 2187
32 492
32 2012
32 1484
32 1336
32 2024
32 640
32 194
32 968
32 620
32 1520
32 1122
32 1635
32 2159
32 1636
32 1585
32 1122
32 1432
32 740
32 601
33 1035
33 2268
33 1538
33 281
33 1465
33 2025
33 96
33 87
33 1657
33 167
33 2021
33 1701
33 1953
33 1793
33 1677
33 631
33 75
33 1013
33 1347
33 121
33 2168
33 787
33 1592
33 1391
33 77
33 84
33 671
33 1295
33 591
33 2100
33 2025
33 1012
33 143
33 56
33 598
33 66
33 1361
33 1984
33 534
33 527
33 79
33 1895
33 2285
33 87
33 2069
33 93
33 1548
33 2128
33 1398
33 738
33 1837
33 2030
33 2281
33 56
33 8
33 2291
33 1540
33 1816
33 1475
33 2021
33 355
33 1610
33 2258
33 431
33 1610
33 2173
33 96
33 54
33 1322
33 1867
33 1679
33 183
33 1117
33 2029
33 63
33 198
33 60
33 993
33 1023
33 62
33 592
33 74
33 2011
33 177
33 2068
33 611
33 1926
33 2030
33 27
33 947
33 839
33 659
33 778
33 8
33 147
33 225
33 2025
33 1431
33 644
33 849
33 159
33 2235
33 1641
33 24
33 1021
33 157
33 753
33 2236
33 23
33 119
33 1859
33 1409
33 2021
33 2179
33 1658
33 2055
33 1004
33 485
33 70
33 286
33 2018
33 104
33 357
33 127
33 1530
33 2275
33 1842
33 34
33 2234
33 440
33 211
33 1541
33 1092
33 2315
33 952
33 765
33 1866
33 185
33 1650
33 2067
33 2126
33 527
33 2309
33 584
33 1689
33 58
33 54
33 1375
33 89
33 8
33 1317
33 2055
33 87
33 1830
33 2292
33 172
33 2055
33 558
33 2030
33 171
33 1890
33 2323
33 2201
33 2024
33 731
33 2077
33 1601
33 2306
33 1252
33 21
33 175
33 73
33 30
33 1725
33 107
33 1681
33 1489
33 2140
33 945
33 1596
33 78
33 4
33 2245
33 2157
33 47
33 2126
33 2032
33 338
33 872
33 1815
33 557
33 455
33 674
33 221
33 1144
33 418
33 148
33 1459
33 153
33 2039
33 1869
33 36
33 3
33 106
33 751
33 1769
33 1301
33 1152
33 1541
33 912
33 1387
33 1817
33 823
33 956
33 296
33 2068
34 2029
34 560
34 111
34 8
34 140
34 133
34 48
34 83
34 67
34 153
34 564
34 31
34 557
34 2308
34 42
35 1386
35 2310
35 35
35 133
35 37
35 1386
35 1658
35 85
35 105
35 76
35 203
36 88
36 78
36 1386
36 86
36 58
36 141
36 37
37 993
37 49
37 63
37 94
37 74
37 1015
37 42
37 1895
37 66
37 557
37 37
37 1592
37 56
37 2261
37 891
37 170
37 1387
37 31
37 184
37 992
37 1562
37 1935
37 70
37 265
37 62
37 1808
37 1546
37 76
37 1816
38 37
38 64
38 102
38 2310
38 61
38 1386
38 557
38 133
38 35
38 76
38 105
39 37
39 66
39 2303
39 2176
39 203
39 2231
39 2039
39 1480
39 1978
39 2161
39 1888
39 84
39 1596
39 1022
39 69
39 134
39 1903
39 664
39 1678
40 2166
40 103
40 2030
40 73
40 182
40 96
40 2019
41 1564
41 760
41 482
41 198
41 891
41 2167
41 160
41 1640
41 237
41 510
41 1525
41 1403
41 892
41 173
41 326
42 1693
42 2025
42 2021
42 1731
42 1200
42 958
42 1292
42 1867
42 1418
42 644
42 948
42 434
42 738
42 263
42 94
42 2067
42 1984
42 281
42 1935
42 1354
42 605
42 415
42 23
42 512
42 984
42 567
42 1429
42 4
42 463
42 64
42 1223
42 1361
42 371
42 219
42 1822
42 1309
42 157
42 1779
42 1864
42 107
42 1589
42 778
42 1368
42 1956
42 525
42 1641
43 1532
43 63
43 149
43 186
44 98
44 993
44 115
44 35
44 1386
44 97
44 4
44 1805
44 568
45 32
45 42
45 2308
45 8
45 49
45 2021
45 8
45 21
45 64
45 130
45 103
45 576
45 1676
45 776
45 1539
45 2104
45 1585
45 187
45 661
45 2308
45 558
45 39
45 51
45 37
45 161
45 1658
45 644
45 1822
45 45
45 2068
45 27
45 2032
45 2029
45 77
45 56
45 570
45 2007
45 2275
45 2211
45 87
45 557
45 65
45 102
45 36
45 740
45 110
45 2025
45 206
45 186
45 78
45 224
45 104
46 2126
46 59
46 82
46 38
46 49
47 1461
47 73
47 574
47 29
48 1492
48 1658
48 1216
48 1589
48 1386
48 1320
48 58
48 371
48 1387
48 558
48 42
48 747
48 557
48 44
48 203
48 1731
49 166
49 600
49 42
49 2179
49 409
49 2318
49 1789
49 1492
49 1317
49 8
49 2245
49 85
49 225
49 2132
49 116
49 1480
49 2030
49 1540
49 2025
49 567
49 558
49 135
49 2013
49 1021
49 2007
49 104
49 557
49 99
49 689
49 299
49 740
49 1386
49 65
49 647
49 120
49 992
49 49
49 2308
49 899
49 105
49 2079
49 572
49 2104
49 2028
49 31
49 1895
49 1914
49 105
49 35
49 659
49 38
49 1366
49 168
49 1805
49 2323
49 74
49 1486
49 558
49 1309
49 93
49 172
49 76
49 1706
49 8
49 182
49 38
49 7
49 133
49 839
49 821
49 852
49 267
49 168
49 200
49 224
49 8
49 58
49 104
49 176
49 570
49 73
49 2029
49 78
49 33
49 1012
49 2030
49 221
49 1778
49 2209
49 161
49 37
49 70
49 64
49 166
49 241
49 76
49 2132
49 46
49 51
49 116
49 88
49 88
49 636
49 1867
49 1678
49 44
49 47
49 4
49 2025
49 2021
50 1867
50 2283
50 105
50 671
50 1678
50 52
50 644
50 1492
50 1319
50 711
50 48
50 2029
50 1752
50 1347
50 1885
50 8
50 891
50 560
50 1435
50 43
50 175
50 203
50 1433
50 62
50 2021
50 1914
50 134
50 557
50 778
50 6
50 992
50 1837
50 747
50 1386
50 142
50 1308
50 1689
50 127
50 42
50 23
51 2041
51 1347
51 2231
51 7
51 105
51 2145
52 2041
52 8
52 40
52 152
52 74
52 66
52 44
52 134
52 34
52 55
52 2308
52 135
52 86
52 557
52 125
52 54
52 168
52 2046
52 1532
52 65
52 66
52 131
52 2103
53 591
53 2039
53 1324
53 8
53 241
53 286
53 1864
53 1817
53 1439
53 1689
53 70
53 682
53 963
53 1116
53 221
53 74
53 1339
53 1592
53 747
53 2030
53 25
53 36
53 1600
53 206
53 2285
53 2309
53 2143
53 2197
53 160
53 96
53 2021
53 1603
53 1492
53 2021
53 1349
53 557
53 396
53 1426
53 1822
53 168
53 1021
53 52
53 1003
53 1542
53 2308
53 53
53 2030
53 56
53 1666
53 72
53 1994
53 1601
53 170
53 2161
53 803
53 1866
53 4
53 1559
53 96
53 2129
53 397
53 1597
53 2037
53 198
53 99
53 56
53 1562
53 1680
53 1890
53 78
53 126
53 1393
53 2007
53 1853
53 1118
53 1397
53 621
53 695
53 2309
53 173
53 1361
53 62
53 133
53 2232
53 64
53 7
53 1621
53 8
53 1540
53 2281
53 152
53 1694
53 2076
53 300
53 2154
53 2258
53 2223
53 149
53 73
53 176
53 379
53 335
54 54
54 8
54 1386
54 38
54 185
54 561
54 166
54 1347
55 829
55 225
55 446
55 1887
55 690
55 1013
55 1429
55 2035
55 22
55 912
55 688
55 1458
55 1162
55 9
55 1837
55 162
55 1391
55 608
55 1582
55 2073
55 662
55 2161
55 1961
55 2268
55 594
55 555
55 698
55 1961
55 965
55 1482
55 1424
55 869
55 1674
55 1649
55 144
55 1151
55 233
55 542
55 851
55 1036
55 279
55 1828
55 1954
55 1209
55 2094
55 1808
55 557
56 90
56 560
56 27
56 2018
56 2231
56 576
56 52
56 1359
56 24
56 69
56 167
57 1375
57 558
57 2021
57 36
58 1867
58 568
58 543
58 83
59 740
59 74
59 1793
59 1867
59 1475
59 1514
59 1611
59 1731
59 2310
59 44
59 690
59 1005
59 1786
59 1595
59 1292
59 107
59 69
59 85
59 203
59 1391
59 78
59 121
59 2025
59 1532
59 1965
59 54
59 1965
59 2023
59 84
59 955
59 4
59 418
59 2182
59 1461
59 8
59 59
59 133
59 227
59 166
59 2170
59 181
59 1492
59 7
59 847
59 639
59 567
59 716
59 8
59 146
59 1746
59 27
59 1984
59 1552
59 2034
59 778
59 2209
59 1317
59 62
59 557
59 21
59 430
59 574
59 98
59 282
59 1821
59 51
59 2308
59 87
59 980
59 64
59 218
59 1958
59 333
59 418
59 756
59 88
59 2103
59 30
59 543
59 116
59 2143
59 597
59 1689
60 134
60 71
60 94
60 1386
60 8
60 664
60 106
60 189
60 2030
60 1678
60 127
60 85
60 36
60 2283
60 36
60 2029
61 2021
61 103
61 110
61 84
62 2308
62 2021
62 4
62 84
62 64
62 86
62 110
62 78
62 77
62 103
62 62
62 116
62 76
62 69
62 56
62 8
62 100
62 64
62 2308
62 70
62 74
62 42
62 189
62 78
62 84
62 74
62 558
62 44
62 37
62 116
62 100
62 49
63 2019
63 1822
63 105
63 112
63 1554
63 570
64 1023
64 1737
64 1886
64 1890
64 1866
64 1540
64 1359
64 75
64 2055
64 1650
64 2223
64 1418
64 753
64 2306
64 2036
64 1709
65 1307
65 824
65 1143
65 79
65 1647
65 1135
65 1156
65 764
65 2089
65 157
65 1554
65 1553
65 1781
65 1110
65 2195
65 766
65 1515
66 62
66 2034
66 124
66 47
66 62
67 128
67 2310
67 37
67 88
67 994
68 993
68 61
68 33
68 136
69 189
69 136
69 38
69 1532
69 135
69 131
69 993
69 76
69 35
69 599
69 104
70 34
70 1914
70 2029
70 2308
70 1461
70 38
70 560
70 90
70 1910
70 1216
71 2309
71 53
71 2283
71 126
71 168
71 58
72 1459
72 41
72 42
72 43
72 643
72 2107
72 1927
72 19
72 38
72 41
72 1320
72 53
72 81
72 994
72 1981
72 1671
72 52
72 1514
72 1826
72 2024
72 27
72 177
72 2296
72 1371
72 84
72 133
72 1386
72 576
72 557
72 2034
72 36
72 829
72 1354
72 170
72 2110
72 1317
72 1532
72 555
72 643
72 134
72 203
72 430
72 1050
72 65
72 2018
72 992
72 2031
72 166
72 1029
72 585
72 87
72 939
72 1816
72 513
72 2268
72 47
72 576
72 1828
72 104
72 898
72 58
72 131
72 278
72 778
72 66
72 585
72 1569
72 1718
72 2306
72 1986
72 567
72 1486
72 333
72 145
72 111
72 1821
72 2137
72 1887
72 1961
72 1361
72 168
72 1339
72 1689
72 44
72 227
72 2308
72 72
72 6
72 2230
72 55
72 62
72 1596
72 1820
73 83
73 564
73 141
73 121
73 1532
73 102
73 59
73 80
74 133
74 2308
74 1553
74 2019
74 643
74 784
74 2061
75 148
75 116
75 2308
75 74
76 1499
76 1065
76 76
76 1216
76 134
76 40
76 44
76 1386
77 1347
77 2245
77 99
77 1610
77 2004
77 731
77 1627
77 2231
77 1610
77 2128
77 1065
77 1216
77 1894
77 1505
77 1657
77 440
78 86
78 778
78 73
78 1028
78 1827
78 1956
78 1386
78 1497
78 1415
78 2120
78 1793
78 606
78 130
78 69
78 371
78 570
78 2308
78 304
78 54
78 644
78 1347
78 94
78 2007
78 1004
78 74
78 172
78 677
78 76
78 662
78 161
78 1532
78 623
78 1867
78 1731
78 45
78 299
78 1752
78 1010
78 1387
78 1808
78 88
78 84
78 102
78 8
78 971
78 1996
79 1680
79 1848
79 78
79 747
79 2162
79 1775
79 946
79 572
79 2323
79 300
79 47
79 1387
79 7
79 24
79 177
79 8
79 1601
79 1610
79 1910
79 148
79 919
79 211
79 692
79 906
79 1418
79 85
79 2274
79 2268
79 1662
79 1347
79 1590
79 801
79 2030
79 1511
79 517
79 784
79 557
79 74
79 63
79 1694
79 1558
79 737
79 1482
79 664
79 2122
79 619
79 805
79 84
79 1994
79 227
79 1386
79 141
79 1867
79 1658
79 177
79 860
79 2007
79 1363
79 1532
79 96
79 1658
79 1461
79 41
79 1887
79 645
79 86
79 2128
79 1935
79 172
79 1867
79 1480
79 31
79 1359
79 1676
79 8
79 1666
79 1816
79 2039
79 1592
79 2245
79 8
80 1833
80 45
80 664
80 84
80 84
80 189
80 1827
80 1386
80 44
80 74
80 102
80 1354
80 2120
80 659
81 74
81 1386
81 1216
81 41
81 35
81 664
82 44
82 45
82 45
82 45
83 76
83 576
83 45
83 29
83 94
83 4
84 1387
84 2055
84 76
84 35
85 543
85 1386
85 76
85 38
86 1023
86 21
86 1731
86 1304
86 1835
86 1601
86 2034
86 978
86 1505
86 126
86 1652
86 1570
86 2030
86 737
86 73
86 131
86 2055
86 1432
86 1900
86 2037
86 2221
86 2019
86 434
86 1050
86 415
86 1974
86 2223
86 2128
86 1347
86 107
86 2146
86 2138
86 172
86 2301
86 1531
86 1821
86 2180
86 77
86 176
86 1902
86 2284
86 2323
86 2165
86 2094
86 1914
86 8
86 1984
86 543
86 1817
86 1868
86 1340
86 1565
86 1742
86 157
86 983
86 1368
86 1356
86 47
86 1555
86 1340
86 557
86 2067
86 2180
86 44
86 1504
86 131
86 2031
86 163
86 54
86 784
86 567
86 1650
86 847
86 1996
86 2025
86 1461
86 1793
86 2158
86 90
86 94
87 1387
87 85
87 70
87 1672
87 771
88 1387
88 110
88 1492
88 85
89 1589
89 78
89 1492
89 644
89 130
89 961
89 73
89 1386
89 1816
89 230
89 70
89 38
89 778
89 4
90 2055
90 88
90 161
90 2055
90 1387
90 568
90 35
90 203
91 40
91 153
91 188
91 127
92 820
92 1339
92 1592
92 1265
92 952
92 747
93 79
93 75
93 2103
93 2119
93 2046
93 71
93 70
93 299
93 225
93 2046
93 121
93 55
93 1332
93 121
94 2223
94 1657
94 1703
94 1409
94 1551
95 946
95 1679
95 1821
95 1977
95 993
95 1494
95 2276
95 874
95 2267
95 591
95 216
95 1661
96 100
96 39
96 2021
96 56
96 62
96 86
96 4
96 74
96 2029
96 94
97 105
97 116
97 2055
97 4
97 100
97 34
98 94
98 153
98 2055
98 558
98 107
98 2055
98 41
98 2041
98 635
98 1375
98 48
98 133
98 1386
98 185
98 74
98 2126
98 1658
98 116
99 172
99 1816
99 148
99 2286
99 131
99 71
100 105
100 1570
100 2103
100 152
101 99
101 200
101 82
101 166
101 2021
101 65
101 78
101 65
101 2308
101 131
101 65
101 2283
101 432
101 32
101 103
101 53
101 2018
101 74
101 661
101 1430
101 187
102 2007
102 2034
102 2068
102 80
102 166
102 150
102 409
102 187
102 2207
102 106
102 1816
102 572
102 2025
102 299
102 1658
102 48
102 516
102 1492
102 1461
102 141
102 1693
102 60
102 1359
102 127
102 42
102 100
102 2035
102 87
102 2309
102 576
102 107
102 2217
102 606
102 130
102 45
102 2120
103 1067
103 1886
103 2108
103 2055
103 620
103 1581
103 896
103 1440
103 1017
103 2286
103 1368
103 1320
103 2207
103 602
103 1347
103 1666
103 2280
103 2184
103 1723
103 2181
103 372
103 631
103 1939
103 1626
103 2177
103 2145
103 920
103 1852
103 295
103 664
104 30
104 1870
104 1936
104 1976
104 1935
105 1817
105 2023
105 597
105 664
105 282
105 692
105 829
105 2268
105 88
105 182
105 829
105 2019
105 1666
105 2283
105 1387
105 36
105 102
105 2128
105 126
105 2021
106 768
106 229
106 347
106 298
106 684
106 731
106 1699
106 1673
106 1420
106 940
106 370
107 641
107 654
107 599
107 1793
108 48
108 1837
108 1499
108 2094
109 1750
109 296
109 1248
109 155
109 1366
109 2138
109 1983
109 489
109 826
109 1307
109 906
109 1516
109 539
110 557
110 593
110 1514
110 1592
111 557
111 2171
111 229
111 765
111 1308
111 1532
111 1666
111 1386
111 1021
111 203
111 1505
111 1216
111 19
111 1910
111 1821
112 1816
112 1095
112 568
112 241
112 8
112 112
112 1676
112 740
112 1658
112 1347
112 2047
112 24
112 1888
112 105
112 560
112 300
112 1910
112 300
112 2166
112 94
112 85
112 300
112 2196
112 6
113 558
113 241
113 644
113 182
113 1386
113 1731
113 1658
113 203
114 1459
114 1434
114 1531
114 1480
114 2054
114 1428
115 49
115 225
115 170
115 557
116 2055
116 137
116 37
116 2055
117 1709
117 65
117 2029
117 111
117 78
117 131
117 2018
117 724
118 2055
118 2285
118 557
118 44
118 70
119 1746
119 1540
119 567
119 803
119 1746
119 1658
119 698
119 540
119 182
119 1126
120 620
120 1510
120 1010
120 1050
120 1371
120 804
120 2135
120 1505
120 1371
120 2160
120 211
120 1613
120 1302
120 1732
120 785
120 2135
120 620
120 512
120 1871
120 804
120 2190
120 512
120 2190
121 374
121 2007
121 955
121 2303
121 1407
121 2084
121 1603
121 792
121 1360
121 1627
121 2298
121 2303
121 1505
121 2230
121 2245
121 2298
121 1238
121 1409
121 2245
121 719
122 1010
122 1354
122 1359
122 1983
122 2077
122 1292
122 1430
122 557
122 1689
122 2077
122 573
122 1092
122 1461
122 2110
122 2077
122 592
122 716
123 1322
123 909
123 2167
123 1324
123 1295
123 1925
123 355
123 689
123 247
123 1601
123 1311
123 982
123 1563
123 1331
123 1023
123 2245
123 1334
124 154
124 574
124 40
124 2030
125 1956
125 1600
125 1308
125 1887
125 903
125 227
125 1116
125 567
125 2123
125 826
125 177
125 1594
125 1866
125 1267
125 395
125 261
125 1657
125 839
125 21
125 631
125 1658
125 1911
125 792
125 644
125 1629
125 1694
125 172
125 543
125 162
125 2128
125 1418
125 296
125 1601
125 1498
125 73
125 776
125 49
125 775
125 2004
125 895
125 134
125 2090
125 1789
125 1397
125 1553
125 805
125 1867
125 849
125 525
125 2261
125 719
125 252
126 990
126 121
126 663
126 2258
127 1387
127 1216
127 42
127 672
128 1587
128 139
128 108
128 52
129 1386
129 1658
129 1676
129 1347
130 993
130 32
130 73
130 41
130 2018
130 56
130 111
130 141
130 84
130 37
130 2029
130 2041
130 134
130 99
130 100
130 186
131 152
131 2021
131 32
131 88
131 114
131 114
131 2308
132 88
132 126
132 49
132 87
132 661
132 84
132 62
132 77
133 557
133 2021
133 1386
133 85
133 41
133 148
133 2308
134 558
134 21
134 94
134 78
134 37
135 114
135 85
135 2308
135 44
135 91
135 108
135 42
135 153
135 172
135 104
136 1955
136 1217
136 1911
136 1468
136 1769
137 36
137 1862
137 1936
137 1867
137 2013
137 716
137 1816
138 87
138 42
138 78
138 2024
139 1056
139 1484
139 304
139 1998
139 1706
139 676
139 514
139 1585
140 37
140 45
140 37
140 45
141 2021
141 97
141 85
141 1866
141 1733
141 100
141 99
141 80
141 1867
141 182
141 335
141 380
141 737
141 1658
141 2231
141 2025
141 130
141 2308
141 1347
141 747
142 1166
142 737
142 33
142 2223
142 1871
142 1641
142 1557
142 1608
142 1395
142 1045
142 1307
142 546
142 1628
142 2062
142 215
142 941
142 725
142 906
143 1415
143 229
143 570
143 1365
143 823
143 1936
143 263
143 1459
143 208
143 2162
144 1815
144 743
144 1407
144 2034
145 2030
145 558
145 48
145 41
145 1004
145 56
145 1562
145 1860
145 121
145 88
145 2028
145 78
145 175
146 41
146 175
146 60
146 557
146 1319
146 117
146 56
146 2014
146 47
146 74
147 574
147 2138
147 4
147 1347
147 78
147 1320
148 75
148 1419
148 1419
148 159
148 140
148 2009
148 44
148 1419
149 168
149 47
149 146
149 0
150 543
150 1065
150 1805
150 1387
150 1030
150 570
150 94
151 203
151 1065
151 2171
151 1216
151 44
151 2241
151 1658
152 1524
152 102
152 41
152 1409
152 35
152 2025
152 54
152 2309
153 543
153 1914
153 1347
153 182
153 1597
153 1805
153 1532
153 570
154 1428
154 2025
154 662
154 131
154 1461
154 1827
154 1983
154 2309
154 2258
154 19
154 80
154 54
155 103
155 1866
155 27
155 73
155 2030
156 2157
156 540
156 1597
156 1817
156 2270
157 440
157 1737
157 719
157 1679
157 593
157 1465
157 576
157 111
157 751
158 71
158 2018
158 641
158 1689
158 1709
158 2025
159 85
159 776
159 2029
159 2030
159 2030
159 160
160 9
160 514
160 2168
160 17
160 290
160 1463
160 2077
160 1590
160 906
160 1855
160 1252
161 1430
161 993
161 126
161 30
161 69
161 175
161 54
162 1885
162 2032
162 46
162 2019
162 121
163 116
163 2068
163 894
163 74
164 61
164 30
164 2055
164 113
164 2126
164 555
165 570
165 161
165 1386
165 4
165 76
165 33
165 78
166 1308
166 134
166 1658
166 227
166 85
166 560
166 2003
166 1505
166 1386
167 1386
167 133
167 1610
167 1833
167 2090
167 664
167 1733
167 1484
167 107
167 1347
167 1678
167 54
167 1866
168 64
168 1589
168 49
168 130
168 186
168 2309
168 1816
168 572
168 2020
168 1386
168 557
168 1492
168 644
168 112
168 99
168 75
168 2047
168 126
169 1446
169 959
169 2291
169 2117
169 1439
169 1252
169 2042
169 317
169 1227
169 1409
169 714
169 1643
169 1732
169 126
169 597
169 648
169 873
169 861
169 1488
169 299
169 692
169 298
169 1755
169 735
169 69
169 525
169 1597
169 1110
169 2077
169 1613
169 1802
169 598
169 2274
169 934
169 844
169 1252
169 1452
169 795
170 46
170 2025
170 994
170 1004
170 1678
171 604
171 651
171 2275
171 680
171 643
171 598
172 76
172 127
172 49
172 2030
172 84
172 993
172 48
172 2018
172 100
172 96
172 88
173 572
173 2007
173 605
173 599
173 2143
173 52
173 570
173 645
173 2034
173 54
174 1386
174 2082
174 1420
174 1317
174 784
174 2221
174 1349
174 1324
174 557
174 99
174 557
174 88
174 94
174 2030
174 44
174 2187
174 181
174 1678
174 740
174 588
174 94
174 2174
174 1359
174 2139
174 1309
174 44
174 585
174 1461
174 1296
174 1608
174 2187
174 1571
175 664
175 108
175 186
175 1658
175 416
175 104
175 85
175 80
176 1770
176 570
176 632
176 62
177 1817
177 2295
177 56
177 663
177 2034
177 1347
178 31
178 574
178 1657
178 910
178 573
178 146
178 1317
179 2120
179 639
179 172
179 104
179 49
179 63
179 142
179 55
180 1666
180 536
180 2170
180 280
180 1565
180 1641
180 540
181 945
181 2139
181 1393
181 536
181 1657
181 162
181 1658
181 1553
181 570
181 282
181 645
181 603
181 247
181 607
181 2130
181 2128
181 737
181 1409
181 1746
181 6
181 558
181 169
181 607
181 1855
181 269
181 2323
181 485
182 163
182 971
182 55
182 58
182 637
182 69
183 1346
183 1353
183 1792
183 2221
183 1992
183 1320
183 2174
183 1433
184 4
184 166
184 2055
184 72
184 2126
184 2021
184 667
184 1314
185 2173
185 1344
185 2037
185 1347
185 2081
186 1733
186 1397
186 1867
186 161
186 897
186 1871
186 2162
186 570
186 2023
186 1589
187 1386
187 110
187 2020
187 37
188 78
188 2283
188 86
188 35
189 564
189 70
189 1678
189 42
189 126
190 1386
190 182
190 203
190 371
191 82
191 2029
191 32
191 35
192 470
192 1542
192 823
192 295
192 203
192 844
192 513
192 258
192 1117
192 155
192 1496
192 1996
192 260
192 1540
192 1999
192 398
192 1481
192 207
192 2035
193 598
193 2081
193 588
193 568
194 131
194 637
194 599
194 2032
195 6
195 418
195 1317
195 959
196 1387
196 265
196 1658
196 85
196 45
196 1387
196 58
196 100
196 85
196 1386
196 2020
196 33
197 76
197 2055
197 2126
197 2055
197 1386
198 2162
198 2025
198 78
198 66
198 1386
198 2308
198 107
198 64
198 134
199 585
199 637
199 572
199 704
200 530
200 1484
200 573
200 574
201 1554
201 1360
201 871
201 558
201 1158
201 2295
201 1887
201 1733
201 1297
201 992
201 1559
201 1658
202 637
202 669
202 5
202 598
202 234
202 2064
202 534
202 2121
202 639
202 2303
202 644
202 582
202 635
202 651
202 1838
202 559
202 631
202 2180
202 581
202 564
202 592
202 799
202 1274
202 902
202 126
202 7
202 2179
202 1499
202 234
202 733
202 655
202 535
202 2303
202 1677
203 1666
203 1396
203 1666
203 1994
204 1782
204 698
204 852
204 2036
204 1552
204 799
204 912
204 2236
204 1540
204 741
204 1389
204 889
204 1265
204 1701
205 1671
205 871
205 1618
205 1368
205 187
205 525
205 304
205 2013
205 1366
205 1223
205 1789
205 2068
206 1731
206 719
206 606
206 899
206 22
206 1570
206 574
206 829
206 482
206 40
206 852
206 2295
206 62
206 1145
206 639
206 1658
206 1634
206 1732
206 276
206 227
206 824
206 1603
206 100
207 645
207 36
207 1816
207 557
207 1818
207 36
208 1319
208 1811
208 829
208 1028
208 1018
208 903
209 1871
209 847
209 2154
209 1885
209 2273
209 1319
209 679
209 395
209 1689
209 1610
209 1759
209 1387
209 1597
209 1324
209 1365
209 2066
209 1737
210 1459
210 1320
210 299
210 650
210 1709
210 823
210 628
210 160
210 600
210 160
210 2119
210 106
211 2080
211 597
211 590
211 557
212 698
212 682
212 588
212 650
213 2029
213 914
213 591
213 2031
214 1349
214 637
214 643
214 1871
214 1359
215 1717
215 1553
215 1569
215 1568
215 299
216 725
216 709
216 841
216 1297
217 281
217 1966
217 1559
217 1657
217 1562
217 371
217 1757
218 100
218 1030
218 543
218 1308
218 1494
218 1387
218 1216
218 300
218 489
218 241
218 1805
218 1347
219 1966
219 1492
219 1867
219 1835
219 1394
219 1816
220 1386
220 2067
220 1861
220 648
220 702
220 630
220 585
220 1833
221 4
221 1910
221 558
221 643
221 2019
221 2028
221 58
221 1386
222 1304
222 2298
222 94
222 227
222 45
222 167
222 1693
223 597
223 662
223 713
223 663
224 2039
224 1657
224 1531
224 1628
224 455
224 934
224 2039
224 1867
224 81
224 2303
224 247
224 2303
224 2224
225 1157
225 607
225 1028
225 1731
225 1571
225 181
225 6
225 1827
226 464
226 2232
226 396
226 1739
226 525
227 651
227 637
227 955
227 950
228 586
228 2021
228 61
228 2303
228 161
229 36
229 1050
229 1216
229 141
229 203
229 570
230 148
230 44
230 64
230 4
230 574
230 87
230 661
230 65
230 994
230 86
230 186
230 936
231 790
231 1407
231 2127
231 1439
231 2140
231 1311
231 2042
231 793
231 841
231 193
231 1675
231 2245
231 1347
231 1348
231 430
231 687
231 1209
231 2175
231 317
231 2138
231 2250
231 229
231 1865
231 790
231 633
231 1541
231 146
231 2182
231 2143
231 1703
231 948
232 993
232 567
232 48
232 2021
233 1562
233 2077
233 1746
233 247
233 1925
233 1209
233 758
233 2161
233 905
233 155
233 2230
233 1603
233 2114
233 1657
233 2316
233 2167
233 1360
233 2162
233 283
233 1339
233 1320
233 489
233 182
233 906
233 1864
233 227
233 1576
233 295
234 1492
234 1514
234 23
234 218
235 849
235 603
235 799
235 605
236 557
236 4
236 203
236 776
236 906
236 218
236 525
236 229
236 2309
236 2309
236 560
236 992
236 1480
236 735
236 418
236 203
236 1360
236 1816
236 304
237 1837
237 1573
237 789
237 719
237 768
237 1538
237 878
237 1564
237 1886
237 1782
237 396
237 1255
237 1538
237 869
237 1023
238 555
238 148
238 661
238 557
238 35
238 127
238 102
238 151
239 576
239 572
239 2275
239 661
239 558
240 88
240 74
240 55
240 87
241 2308
241 8
241 61
241 2308
242 690
242 121
242 1820
242 647
243 1308
243 1910
243 78
243 1106
243 618
244 1827
244 664
244 558
244 37
244 58
244 1375
245 540
245 1859
245 1592
245 1541
246 2025
246 103
246 559
246 1844
246 2021
246 85
246 100
246 2043
246 73
246 66
247 43
247 2123
247 778
247 635
247 2026
247 625
247 1867
248 2275
248 567
248 647
248 2020
248 2018
248 2023
248 2030
248 52
249 662
249 2275
249 567
249 680
249 947
249 993
249 585
249 8
250 54
250 156
250 635
250 187
250 29
250 2021
250 126
251 66
251 58
251 1494
251 77
251 1387
251 36
251 1347
251 1308
251 1216
251 1822
252 1662
252 2128
252 1505
252 1656
253 2126
253 1732
253 1278
253 2025
253 2207
253 1292
253 1866
253 221
253 1339
253 44
253 74
253 339
253 2217
253 176
253 546
253 664
253 295
253 1813
253 2191
253 525
253 185
253 1386
253 1317
253 2055
253 374
253 1541
253 2140
254 1386
254 570
254 110
254 203
255 2234
255 2217
255 56
255 73
255 564
255 1753
255 88
255 677
256 1359
256 2234
256 2231
256 2099
257 80
257 85
257 94
257 54
257 84
258 106
258 69
258 100
258 37
259 4
259 2069
259 139
259 64
259 27
259 96
259 1844
259 96
260 591
260 1985
260 2211
260 591
261 116
261 134
261 121
261 106
262 2025
262 2309
262 49
262 130
263 674
263 2149
263 1816
263 674
264 2308
264 574
264 116
264 103
264 4
265 37
265 2308
265 87
265 2029
265 41
265 127
265 2018
266 84
266 2030
266 148
266 127
266 993
266 32
266 49
266 53
266 37
267 1678
267 227
267 1676
267 1386
268 41
268 227
268 66
268 157
269 1555
269 183
269 2303
269 1821
269 1004
269 2138
269 597
269 620
269 2285
269 556
269 1821
269 640
269 1791
269 790
269 41
270 1816
270 70
270 994
270 1344
270 2275
270 2077
270 1359
270 1391
271 2209
271 574
271 61
271 35
272 1782
272 148
272 993
272 4
272 1821
272 34
272 797
273 555
273 186
273 148
273 2030
274 2120
274 661
274 49
274 52
274 2309
274 644
274 0
274 62
274 1359
274 42
274 1914
275 1532
275 37
275 74
275 2055
275 35
275 128
276 134
276 2034
276 168
276 131
277 570
277 172
277 1361
277 1600
277 52
277 648
277 1344
278 80
278 198
278 1024
278 1659
278 1827
278 1425
278 959
278 23
279 321
279 347
279 2277
279 266
280 121
280 632
280 100
280 100
281 1387
281 85
281 105
281 2231
282 66
282 1984
282 1439
282 56
282 2184
282 797
282 1867
282 644
283 1667
283 1651
283 1601
283 1032
283 296
283 1530
283 2266
283 1677
283 286
283 1386
283 1008
283 2126
283 1457
283 2043
283 1010
283 1779
283 789
283 527
283 1489
283 1610
284 1888
284 1361
284 110
284 2055
285 87
285 633
285 96
285 2211
285 4
285 2175
285 1360
285 1530
285 103
285 2122
285 1539
285 77
286 993
286 702
286 2025
286 574
287 69
287 74
287 1008
287 2021
287 657
287 31
288 178
288 211
288 805
288 2017
289 1868
289 2039
289 2102
289 2102
290 172
290 1461
290 2309
290 1870
290 133
290 58
290 2309
290 85
290 1821
290 557
291 1623
291 1519
291 644
291 299
291 558
291 1424
291 865
291 1958
291 2245
291 1687
291 160
291 679
291 1759
291 1415
292 568
292 1868
292 543
292 1108
292 1747
292 1890
292 1317
292 1610
292 1022
292 1387
292 1866
292 543
292 1886
292 2245
292 1309
293 2231
293 1779
293 1729
293 1729
294 1026
294 2007
294 1822
294 2042
294 281
294 1657
295 540
295 1409
295 1866
295 1659
296 355
296 1590
296 20
296 1368
297 1383
297 1072
297 1069
297 1219
298 564
298 662
298 567
298 557
299 2145
299 1539
299 1292
299 1362
300 564
300 2021
300 23
300 53
300 48
300 2021
300 137
300 94
301 525
301 65
301 2084
301 2084
301 1859
301 1366
301 770
302 64
302 32
302 63
302 45
302 44
303 100
303 83
303 34
303 64
303 38
303 102
304 2034
304 121
304 2197
304 102
305 1386
305 1532
305 130
305 58
306 168
306 104
306 2025
306 8
306 78
306 2283
307 596
307 1751
307 1492
307 931
308 61
308 1386
308 37
308 994
308 34
308 85
309 605
309 906
309 1658
309 747
310 622
310 2028
310 25
310 45
310 606
310 557
310 2027
310 108
310 73
311 553
311 1386
311 2042
311 2051
312 586
312 1821
312 586
312 586
313 1675
313 1414
313 1942
313 2082
313 233
313 1538
313 2099
313 1415
313 1451
314 71
314 657
314 2309
314 131
315 74
315 100
315 2281
315 1844
316 96
316 77
316 56
316 2069
316 2308
316 23
316 80
316 1360
316 66
317 35
317 76
317 203
317 570
318 645
318 73
318 32
318 2276
319 1505
319 2166
319 78
319 574
319 1386
319 605
320 815
320 567
320 101
320 689
320 826
321 2055
321 2055
321 2055
321 2055
322 2055
322 2055
322 2055
322 2055
322 2055
322 2126
322 2055
322 2055
322 2055
322 2055
322 2055
322 2055
322 2055
323 931
323 1881
323 171
323 1641
324 1216
324 2231
324 69
324 1562
324 1914
324 1347
325 1813
325 1021
325 1597
325 872
325 80
325 1888
325 168
325 440
325 1051
325 1871
325 134
325 2007
326 44
326 85
326 1216
326 1375
327 925
327 1308
327 1888
327 1365
328 1216
328 102
328 58
328 2025
328 567
328 261
329 737
329 1492
329 570
329 1782
330 654
330 539
330 557
330 733
330 2004
330 1993
331 38
331 73
331 570
331 180
331 90
331 1678
331 45
332 906
332 1359
332 1611
332 909
332 719
332 311
332 1278
332 1732
332 360
332 1610
332 1347
332 281
332 1894
332 2245
332 793
332 1564
333 1616
333 1339
333 1833
333 2241
333 1619
333 1601
333 73
333 1530
333 632
333 1422
333 1769
333 2055
334 94
334 2029
334 558
334 49
335 1308
335 1498
335 1064
335 1096
335 1786
335 1750
335 1769
335 1347
335 1359
335 1108
335 1370
336 2014
336 661
336 572
336 604
337 557
337 1311
337 716
337 674
337 1320
337 1339
338 776
338 1867
338 58
338 2122
339 1119
339 116
339 1732
339 2223
339 2062
339 44
339 2106
340 83
340 203
340 2025
340 2043
341 1409
341 1399
341 1702
341 2233
341 107
341 2143
341 2286
342 2170
342 993
342 1010
342 674
343 2139
343 2261
343 776
343 31
344 1092
344 662
344 829
344 645
345 564
345 32
345 156
345 2025
345 7
346 2143
346 1654
346 650
346 1843
346 698
347 56
347 263
347 679
347 1881
347 644
348 2122
348 31
348 2169
348 1866
348 747
348 2122
349 1540
349 1557
349 357
349 1389
349 362
349 282
349 162
350 950
350 2145
350 1320
350 1804
350 984
350 1361
350 2184
350 312
350 804
351 1089
351 910
351 77
351 286
352 1387
352 737
352 567
352 606
353 33
353 203
353 40
353 38
353 44
353 567
354 54
354 93
354 591
354 113
355 2268
355 1658
355 1486
355 95
356 1067
356 21
356 1867
356 1856
357 1387
357 1899
357 1666
357 1347
358 905
358 45
358 1323
358 2013
359 133
359 1888
359 1347
359 1308
359 58
359 1386
360 46
360 53
360 54
360 796
360 133
360 53
360 27
360 96
360 127
360 89
360 796
360 84
360 2310
360 1838
360 91
360 8
360 41
360 99
360 126
361 1989
361 126
361 2275
361 1817
361 141
361 1324
361 175
361 73
362 2043
362 105
362 4
362 558
363 2076
363 747
363 409
363 906
363 2320
363 1347
363 399
363 2108
364 1386
364 2055
364 58
364 644
365 110
365 116
365 1513
365 141
366 804
366 1782
366 1477
366 396
367 724
367 2039
367 1866
367 1592
367 1650
367 1868
368 1428
368 1793
368 946
368 903
368 1005
369 143
369 543
369 51
369 1977
369 990
369 1816
370 1720
370 116
370 1641
370 31
371 689
371 2011
371 1354
371 1317
372 2126
372 2055
372 2055
372 2055
373 2055
373 2055
373 2055
373 2055
373 2126
373 2055
373 2055
373 2055
374 639
374 130
374 690
374 1658
375 2055
375 1386
375 2055
375 1386
376 1387
376 2055
376 2055
376 88
377 127
377 31
377 87
377 2310
377 1532
378 1837
378 1789
378 1468
378 1680
379 1386
379 1324
379 185
379 1344
380 1023
380 1585
380 573
380 2285
381 45
381 31
381 7
381 7
382 2055
382 2311
382 2123
382 543
382 1805
382 2231
382 996
382 72
383 1386
383 1320
383 1307
383 415
384 2055
384 2126
384 2126
384 2126
385 590
385 1359
385 557
385 181
386 189
386 186
386 189
386 186
387 1319
387 2025
387 6
387 6
388 861
388 1292
388 608
388 751
389 1888
389 2171
389 1833
389 1053
390 559
390 2004
390 1505
390 2145
390 562
390 689
390 1746
390 1530
391 2007
391 2227
391 1769
391 1888
392 1317
392 525
392 1590
392 2231
393 1342
393 1339
393 1339
393 1339
393 1343
394 1920
394 2303
394 181
394 1611
394 1409
394 1030
394 1216
394 2052
394 225
394 630
394 2052
394 905
394 660
394 2132
394 1746
394 763
394 1249
394 826
395 1662
395 1383
395 1662
395 1383
396 14
396 2152
396 14
396 2313
397 1627
397 2286
397 2225
397 77
397 2029
397 103
397 66
398 1919
398 1706
398 1918
398 1464
398 1653
398 1916
398 1918
398 1916
398 1916
398 1927
398 1928
398 415
398 2294
398 1928
398 1927
398 1916
398 1916
399 1892
399 148
399 737
399 631
400 650
400 2212
400 1610
400 1533
401 2163
401 1627
401 1627
401 1210
402 2117
402 2245
402 1220
402 1213
