0 1783
0 1932
0 2020
0 2007
0 2022
0 2027
0 1731
0 1797
0 1755
0 2034
0 2018
0 1781
0 2011
0 2035
0 1818
0 1980
0 1741
0 1852
0 1979
0 1920
0 1875
0 1697
0 1892
0 1873
0 1823
0 1918
0 1738
0 1680
0 1994
0 1871
0 2002
0 1654
0 1723
0 1945
0 1836
0 1807
0 1953
0 1997
0 1910
0 2035
0 2025
0 1996
0 1978
0 1807
0 1764
0 1873
0 1930
0 1998
0 1820
0 1801
0 1997
0 1734
0 2013
0 1927
0 2034
0 1994
0 1898
0 1885
0 2018
0 1842
0 2035
0 1898
0 2011
0 2001
0 1972
0 2018
0 1891
0 1943
0 1994
0 1995
0 2018
0 2011
0 2019
0 2019
0 1741
0 1973
0 1892
0 2039
0 1990
0 1801
0 1917
0 1980
0 1773
0 2025
0 1740
0 1732
0 2042
0 2004
0 1924
0 1675
0 2034
0 1925
0 1876
0 1911
0 1823
0 2039
0 1873
0 1891
0 2007
0 1852
0 1969
0 1936
0 1922
1 1808
1 1871
1 2035
1 1977
1 1839
1 1927
1 1918
1 1876
1 1891
1 1911
1 1997
1 2007
1 2004
1 1783
1 1963
1 1664
1 1896
1 1977
1 1901
1 2013
1 1918
1 1784
1 1918
1 1769
1 1970
1 1757
1 1988
1 1994
1 2020
1 1922
1 2020
1 1981
1 1876
1 1867
1 1722
1 2041
1 1783
1 1985
1 1896
1 1974
1 1994
1 1937
1 1963
1 1988
1 1995
1 1993
1 1988
1 1722
1 1871
1 1922
1 1906
1 1918
1 1727
1 1873
1 1867
1 2035
1 1807
1 1980
1 1871
1 1988
1 1845
1 1845
1 1803
1 1997
1 1796
1 1911
1 1854
1 1921
1 1654
1 1818
1 2007
1 2007
1 2027
1 1963
1 1750
1 1921
1 2018
1 1852
1 2039
1 1967
1 1970
1 1723
1 1852
1 2013
1 1871
1 1963
1 1988
1 1915
1 1873
1 1780
1 1922
1 1871
1 1905
1 1918
1 1927
1 1918
1 1745
1 2018
1 1722
1 1738
1 1918
1 1850
1 1985
1 1918
1 1714
1 1930
1 1990
1 2035
1 2019
1 1847
1 1722
1 1997
1 2027
1 2039
1 1873
1 1945
1 2001
1 2012
1 1850
1 1700
1 1948
1 2034
1 1773
1 1845
1 1873
1 1852
1 1963
1 2019
1 2018
1 1918
1 1918
1 1997
1 1912
1 2039
1 1994
1 1997
1 1932
1 2018
1 1871
1 1738
1 1822
1 1864
1 2027
1 1982
1 1980
1 1917
1 1852
1 2035
1 2020
1 1873
1 1905
1 1760
1 1781
1 1833
1 1887
1 1873
1 1918
1 1918
1 1957
1 1918
1 1912
1 1790
1 2010
1 1911
1 1722
1 2004
1 1980
1 1918
1 1979
1 1847
1 2042
1 1996
1 1848
1 1686
1 1917
1 1783
1 1990
1 1750
1 1714
1 1867
1 2007
1 1873
1 1918
1 2013
1 1997
1 1927
1 1778
1 1948
1 1873
1 2018
1 1983
1 1997
1 1911
1 1929
1 1990
1 1683
1 1917
1 1924
1 1893
1 2035
1 1906
1 1898
1 1980
2 1905
2 1946
2 1945
2 2001
2 2027
2 1864
2 1786
2 1967
2 1974
2 1948
2 1877
2 1905
2 1711
2 2018
2 1974
2 1680
2 1962
2 1896
2 1728
2 1932
2 1936
2 2039
2 1651
2 1686
2 1826
2 2010
2 2007
2 1906
2 1867
2 2012
2 2007
2 1867
2 2041
2 1970
2 1916
2 2027
2 1978
2 1976
2 1867
2 1829
2 1990
2 1901
2 1850
2 1963
2 1906
2 1926
2 1990
2 1995
3 2039
3 1769
3 1780
3 1998
3 1924
3 2039
3 2034
3 1952
3 2013
3 1745
3 1898
3 1981
3 1959
3 2035
3 1942
3 2041
3 1990
3 1829
3 1847
3 2028
3 1898
3 1854
3 1906
3 1818
3 1963
3 1911
3 2018
3 1911
3 1740
3 1741
3 2004
3 1973
3 2029
3 1753
3 1909
3 2029
3 1864
3 1773
3 2025
3 2002
3 1852
3 2025
3 2007
3 1945
3 2039
3 1905
3 1801
3 2013
3 2004
3 2027
3 1781
3 1995
3 1994
3 1998
3 1970
3 1713
3 2013
3 2011
3 1994
3 2034
3 1898
3 1822
3 1880
3 1925
3 2011
3 1945
3 2025
3 1885
3 1899
3 2022
3 1953
3 1927
3 2004
3 1732
3 1857
3 1873
3 1842
3 2018
3 1891
3 2002
3 1721
3 2019
3 1723
3 1996
3 1911
3 2011
3 1791
3 1815
3 1857
3 1889
3 2022
3 1885
3 2015
3 1892
3 2017
3 1845
3 1925
3 1922
3 2034
3 1871
3 1937
3 2011
3 1910
3 1962
3 1818
3 1805
3 1852
3 2039
3 1963
3 1996
3 1912
3 1781
3 1885
3 1904
3 1905
3 1937
3 1925
3 1998
3 1932
3 1640
3 2007
3 1977
3 1951
3 1950
3 1911
3 1956
3 1804
3 1849
3 1797
3 1998
3 1778
3 1830
3 1996
3 1917
3 1995
4 1683
4 2022
4 1929
4 2041
4 2025
4 1781
4 1780
4 1891
4 1994
4 1898
4 1980
4 2041
4 2034
4 1957
4 1867
4 1885
4 1901
4 1842
4 1963
4 2011
4 1793
4 1741
4 1801
4 1875
4 2025
4 2011
4 1873
4 1732
4 1973
4 2027
4 1937
4 2011
4 1783
4 1885
4 1901
4 2004
4 2019
4 1892
4 1918
4 1723
4 1945
4 2035
4 1893
4 1852
4 1891
4 2034
4 2034
4 1911
4 2041
4 2018
4 2001
4 1740
4 1996
4 2039
4 1998
4 2042
4 1985
4 1956
4 2022
4 1847
4 1996
5 1973
5 1740
5 2020
5 1790
5 1770
5 1979
5 2018
5 1851
5 1979
5 2042
5 2041
5 1715
5 1994
5 1997
5 1833
5 1892
5 1991
5 2034
5 1845
5 1783
5 1731
5 1773
5 1850
6 1847
6 1851
6 1969
6 1994
6 1957
6 1977
6 2007
6 1911
6 1997
6 1836
6 2004
6 1791
6 2011
6 1900
6 1998
6 2011
6 1932
6 1675
6 1963
6 1761
6 1780
6 1994
6 2019
6 1872
6 1905
6 2028
6 1998
6 1901
6 1972
6 1980
6 1790
6 1961
6 1797
6 1956
6 1980
6 1938
6 2018
7 2011
7 1876
7 1793
7 1852
7 2028
7 1873
7 1746
7 1970
7 2041
7 1876
7 2034
7 1918
7 2042
7 1731
7 1781
7 1945
7 1885
7 2020
7 1950
7 1905
7 2013
7 1723
7 1995
7 1996
7 1654
7 1892
7 1980
7 1995
7 1945
7 1899
7 2041
7 1957
7 1852
7 1961
7 1871
7 1741
7 1994
7 1911
7 1818
7 1801
7 1869
7 1830
7 1898
7 1980
7 2004
7 1912
7 1683
7 1970
7 1783
7 1996
7 1973
7 1994
7 2042
7 2018
8 1996
8 1732
8 2011
8 1847
8 1957
8 1858
8 1741
8 1891
8 1937
8 1818
8 1911
8 1723
8 1854
8 1959
8 1871
9 2041
9 1922
9 2030
9 1988
9 1927
9 1955
9 1725
9 1979
9 1996
9 1892
9 1801
9 1973
9 2034
9 1996
9 1998
9 1898
9 1781
9 1963
9 1988
9 2013
9 1846
9 1848
9 1912
9 1845
9 1906
9 2007
9 1973
9 2017
9 2041
9 1967
9 1982
9 1873
9 2004
9 2035
9 1741
9 1896
9 1830
9 1922
9 1740
9 1873
9 1759
9 1988
9 1852
9 1746
9 1948
9 2025
9 1956
9 1778
9 1852
9 1899
9 1875
9 2035
9 1714
9 1875
9 1873
9 2013
9 1778
9 1987
9 1723
9 1781
10 1818
10 2039
10 1988
10 2017
10 1974
10 1994
10 1996
10 1781
10 1893
10 1865
10 1885
10 1700
10 2011
10 1998
10 1852
10 1845
10 2035
10 1930
10 1757
10 1922
10 1820
10 1740
10 1981
10 1963
10 1783
10 1820
10 1852
10 1741
10 1875
10 2013
10 1997
10 2013
10 1723
10 1970
10 1797
10 1783
10 2011
10 1842
10 1918
10 1858
10 1967
10 1873
10 1892
10 1995
10 1945
10 1963
10 1801
10 2018
11 2002
11 1997
11 1871
11 1959
11 1997
12 1801
12 2034
12 2007
12 1911
12 1997
12 2039
12 2039
12 1852
12 1741
12 1918
12 1918
12 1745
12 1997
12 1927
12 2007
12 1972
12 1917
12 1884
12 1675
12 1871
12 2039
12 1865
12 1871
12 2027
12 1990
12 1708
12 2018
12 1945
12 1996
12 2039
12 1876
12 1950
12 1781
12 1891
12 1946
12 2041
13 1912
13 1998
13 1700
13 1746
13 1779
13 1994
13 1842
13 1738
13 1996
13 1998
13 1842
13 1717
13 1937
13 1784
14 2039
14 2013
14 1748
14 1725
15 1994
15 2013
15 1922
15 2013
15 1822
15 1916
15 1752
15 1876
15 1972
15 1835
15 1908
15 2001
15 1815
15 1912
15 1996
15 1777
15 1696
15 1905
15 2011
15 1696
15 1967
15 1964
15 1867
15 1998
15 2034
15 1898
15 1967
15 1942
16 2018
16 1872
16 1963
16 1967
16 1974
16 2012
16 2013
16 2015
16 2041
16 2004
16 1904
16 1948
16 2013
16 2041
16 2017
16 1963
16 1830
16 1927
16 1878
16 2035
16 1829
16 1969
16 1950
16 2013
16 1904
16 1949
16 1995
16 2017
16 1826
16 1967
16 1728
16 1988
16 1942
16 1815
16 1865
16 1735
16 1778
16 1955
16 2039
16 2011
16 1867
16 1835
16 2027
16 1982
16 2025
16 2035
16 1926
16 1969
16 1778
16 1987
16 2025
16 2015
17 2015
17 1983
17 1979
17 1930
17 1896
17 1942
17 1869
17 1864
17 1793
17 2018
17 1891
17 2015
17 1751
17 1830
17 1898
17 2019
17 2015
17 2019
17 1911
17 1757
17 1871
17 2035
17 1846
17 1773
17 1818
17 1912
17 1911
17 1864
17 1852
17 1927
17 1994
17 1885
17 1998
17 1995
17 1937
17 1899
17 1996
17 1922
17 1781
17 1974
17 1921
18 1854
18 1820
18 1964
18 1973
18 1929
18 1831
18 1885
18 1996
18 2004
18 1980
18 1781
18 1852
18 1997
18 2034
18 1846
18 1917
18 1942
18 1865
18 1849
18 2039
18 1998
18 1804
18 1991
18 1961
18 1873
18 1910
18 1910
18 1876
18 2034
18 1918
18 2018
18 1880
18 1921
18 1945
18 2018
18 1997
18 1901
18 1877
18 1995
18 1731
18 1670
18 1936
18 1917
18 1945
18 1875
18 2022
18 1864
18 2041
18 1983
18 1683
18 1885
18 1979
18 1790
18 1783
18 1932
18 1925
18 2030
18 1964
18 1797
18 2022
18 1980
18 1899
18 2013
18 1803
18 2017
18 1686
18 1994
18 1893
18 2028
18 1921
18 2011
18 1918
18 1929
18 1924
18 1937
18 1953
18 1985
18 1793
18 2001
18 1781
18 2019
18 1967
18 1961
18 1753
18 1723
18 1927
18 1849
18 2028
18 1973
18 1830
18 1912
18 1901
18 1990
18 1956
18 1875
18 2031
18 1959
18 1678
18 1864
18 1930
18 1867
18 1760
18 1892
18 1893
18 2035
18 1683
18 1911
18 1869
18 1932
18 2007
18 1738
18 1864
18 1872
18 1921
18 2015
18 1918
18 2011
18 1885
18 2035
18 2035
18 1725
18 1921
18 1927
18 1988
18 1906
18 1871
18 1769
18 1880
18 1995
18 1936
18 2004
18 1945
18 1744
18 1964
18 1873
18 1918
18 2022
18 1889
18 1911
18 1740
18 2041
18 1807
18 1865
18 1937
18 1873
18 1781
18 2027
18 2003
18 1711
18 1998
18 1988
18 1885
18 1647
18 2035
18 1988
18 1896
18 2004
18 1717
18 1845
18 1900
18 1922
18 1972
18 1922
18 1918
18 1961
18 1983
18 1754
18 1938
18 1937
18 2018
18 1957
18 1932
18 1964
18 1822
18 1959
18 2039
18 1822
18 1875
18 1905
18 1723
18 2039
18 1728
18 1945
18 1880
18 1994
18 1757
18 1912
18 1918
18 1918
18 1783
18 1918
18 2041
18 1996
18 1885
18 1791
18 1700
18 1957
18 2002
18 1899
18 1898
18 1700
18 1783
18 2018
18 1932
18 1898
18 2011
18 1730
18 1804
18 1805
18 1781
18 1953
18 1985
18 1932
18 1957
18 1885
18 1911
18 1970
18 1961
18 1880
18 1996
18 1885
18 1915
18 1918
18 2011
18 1998
18 2004
18 1892
18 1885
18 1871
18 1898
18 2019
18 1996
18 1996
18 1830
18 1761
18 1619
18 1713
18 2004
18 1918
18 1694
18 1945
18 1783
18 1910
18 2027
18 1939
18 1973
18 1997
18 2035
18 1852
18 1921
18 2018
18 1880
18 1864
18 1953
18 1924
18 1997
18 1818
18 1922
18 1738
18 2018
18 1818
18 1876
18 1842
18 1997
18 1997
18 1873
18 1921
18 1997
18 1963
18 2020
18 2025
18 1783
18 1738
18 1873
18 1995
18 1926
18 1990
18 1623
18 1807
18 1988
18 1820
18 1966
18 1738
18 1957
18 1822
18 1721
18 2017
18 1995
18 1927
18 2017
18 1997
18 1851
18 1973
18 1945
18 2018
18 2004
18 1849
18 1922
18 1901
18 1851
18 1873
18 1963
18 1807
18 1963
18 1779
18 1909
18 1891
18 1703
18 1905
18 1818
18 1723
18 1899
18 1898
18 2029
18 2011
18 1924
18 1951
18 1918
18 2035
18 1932
18 1745
18 1982
18 1880
18 1945
18 1725
18 1757
18 1741
18 1945
18 1969
18 2011
18 1887
18 2039
18 1946
18 1899
18 1721
18 1892
18 1980
18 1864
18 1760
18 1906
18 1842
18 1720
18 1807
18 1769
18 2019
18 2019
18 1760
18 1994
18 1731
18 379
18 2025
18 2015
18 2018
18 2002
18 1803
18 1852
18 2004
18 2002
18 1824
18 1994
18 2025
18 1913
18 1998
18 1892
18 1979
18 1918
18 1998
18 2020
18 1750
18 1871
18 1918
18 1875
18 1994
18 1957
18 1912
18 1808
18 1996
18 1980
18 1801
18 1732
18 1996
18 2004
18 1937
18 2018
18 1873
18 1686
18 1877
18 1996
18 1970
18 1818
18 1997
18 1916
18 2017
18 1845
18 1949
18 1856
18 2013
18 1850
18 1805
18 1981
18 1871
18 1997
18 1995
18 1731
18 2018
18 1675
18 1873
18 1801
18 1850
18 1835
18 1723
18 2041
18 2004
18 1912
18 1949
18 1738
18 1913
18 2039
18 2013
18 1741
18 1964
18 1998
18 1921
18 1892
18 1918
18 2034
18 1898
18 1880
18 1918
18 1922
18 2011
18 1976
18 2011
18 1917
18 2020
18 1956
18 1937
18 1911
18 2034
18 1867
18 1836
18 2015
18 1910
18 1985
18 1983
18 1930
18 1847
18 1697
18 1912
18 1731
18 1873
18 2018
18 1950
18 1873
18 1623
18 1998
18 2002
18 1909
18 2007
18 1880
18 1847
18 1963
18 1873
18 1929
18 1777
18 2022
18 1873
18 1869
18 2007
18 1918
18 2039
18 1952
18 1873
18 2013
18 1808
18 2011
18 1983
18 1980
18 1741
18 1865
18 1822
18 2018
18 2035
18 2034
18 1997
18 1953
18 2035
18 2011
18 1996
18 1925
18 1820
18 1783
18 1928
18 1998
18 1945
18 1997
18 1824
18 1646
18 1911
18 1852
18 1973
18 2004
18 1945
18 1876
18 1898
18 1994
18 1814
18 1766
18 1845
19 1977
19 1912
19 1983
19 1858
19 1945
19 1973
19 1887
19 1885
19 1783
19 2035
19 1858
19 1924
19 2035
19 2035
19 1880
19 1889
19 2001
19 1769
19 1959
19 1887
19 1683
19 2012
19 2039
19 2028
19 2020
19 1885
19 1970
19 1917
19 1927
19 1754
19 1885
19 2018
19 1982
19 1979
19 1873
19 2012
20 1997
20 1781
20 2035
20 1997
20 2020
20 2015
20 1714
20 2002
20 1745
20 1885
20 1896
20 2039
20 1917
20 1891
20 1741
20 1998
20 1793
20 1963
20 1885
20 1852
20 1880
20 1998
20 1911
20 1732
20 1898
20 2013
20 1918
20 1985
20 2008
20 2007
20 1927
20 2034
20 2041
20 1995
20 1876
20 1854
20 1988
20 1930
20 1912
20 1994
20 1683
20 1892
20 1867
20 1911
21 1917
21 2035
21 1896
21 1979
21 1670
21 1891
21 1962
21 2018
21 1683
21 1922
21 1871
21 1731
21 1793
21 1880
21 1807
21 1783
21 2035
21 1887
21 1898
21 1918
21 2027
21 1887
21 1997
21 2041
21 1867
21 1896
21 1891
21 2042
21 1741
21 1957
21 2039
21 1847
21 1997
21 1997
21 2039
21 1988
21 2020
21 1880
21 1885
21 1945
21 2039
21 1833
21 2035
21 1917
21 1997
21 1997
21 1703
21 1979
21 1924
21 1990
21 1988
21 2035
21 1876
21 1873
21 1997
21 1714
21 2020
21 1892
21 1801
21 2001
21 1918
21 1956
21 2035
21 1973
21 1963
21 2013
21 1994
21 1973
21 2034
21 1818
21 1885
21 1852
21 1917
21 1646
21 1769
21 1880
21 2039
21 2039
21 1996
21 2002
21 1977
21 1918
21 1781
21 1998
21 1871
21 1997
21 2011
21 2039
21 2034
21 2039
21 1997
21 2039
21 1979
21 1998
21 2013
21 1918
21 1918
21 1918
21 1885
21 1875
21 1783
21 1911
21 1918
21 1930
21 1937
21 1873
21 1885
21 1997
21 2041
21 2039
21 1983
21 1725
21 1783
21 2007
22 1918
22 1918
22 1997
22 1887
23 1873
23 1985
23 2020
23 1957
23 1873
23 1753
23 1723
23 2018
23 1912
23 1801
23 1912
23 1858
23 1962
23 1906
23 1731
23 2002
23 1818
23 1995
23 1725
23 1807
23 1783
23 1623
23 2041
23 1854
23 1962
23 2035
23 2020
23 1873
23 1893
23 1885
23 1997
23 1963
23 2042
23 1623
23 1885
24 2035
24 1738
24 1945
24 1723
25 1997
25 2013
25 1725
25 1959
26 2013
26 1973
26 1901
26 2015
26 1856
26 1972
27 2041
27 1998
27 1740
27 1814
27 1957
27 1896
27 2034
27 1773
27 2007
27 1741
27 1732
28 1927
28 1917
28 1917
28 1918
28 1760
29 1842
29 2025
29 1988
29 1670
29 1871
29 1850
29 1741
29 1997
29 1912
29 1996
29 1918
29 1985
29 2007
29 1918
29 1780
29 1885
29 1988
29 2020
29 1994
29 1884
29 1898
29 1990
29 1988
29 1922
29 1925
29 1683
29 2019
29 1927
29 1990
29 1945
29 1847
29 1745
29 1852
29 1867
29 2027
29 1876
29 1783
29 2042
29 2022
29 2013
29 1854
29 1896
29 1732
29 2042
29 1959
29 2008
29 1781
29 2018
29 1957
29 1998
29 1973
29 1998
29 1664
29 1873
29 2013
29 1997
29 1781
29 1937
29 1997
29 1885
30 2007
30 2025
30 1818
30 2013
30 1997
30 1927
30 2018
30 1891
30 1998
30 1911
30 1994
30 1945
30 2011
31 1801
31 1996
31 1781
31 1793
32 1675
32 1725
32 1783
32 1911
32 2041
32 2034
32 1852
32 2002
32 1937
32 1959
32 1963
32 1793
32 1683
32 1640
32 1873
33 1911
33 1996
33 1872
33 1852
34 2039
34 1872
34 1997
34 2020
34 1996
34 1997
34 1963
35 2039
35 1997
35 2019
35 2034
36 1918
36 1945
36 1912
36 1880
36 1887
36 1915
36 2034
36 1957
36 1963
36 1995
36 1876
36 1997
36 1898
36 1885
36 1912
36 1899
36 1957
36 2007
36 1801
37 1918
37 1871
37 2008
37 2008
38 2013
38 2042
38 2042
38 2042
38 2042
38 1964
38 2042
38 2042
38 1988
38 2036
38 2042
38 2042
39 1770
39 1996
39 1836
39 1847
39 1996
39 1969
39 1850
39 2034
39 1962
39 1871
40 1917
40 2018
40 2041
40 1924
40 1905
40 1912
41 1980
41 1892
41 1946
41 1822
41 1912
41 2011
41 1796
41 2019
41 2018
41 1972
41 1815
41 1980
41 1820
41 1913
41 2034
41 2007
41 1890
41 1800
41 2018
41 1811
41 2027
41 1907
41 1865
41 2034
41 1893
41 1962
41 2017
41 1686
41 2013
41 1823
41 1850
41 2011
41 1994
41 2017
41 1949
41 1996
41 1822
41 1952
41 1894
41 1820
41 1994
41 1950
41 1871
41 1711
41 2007
41 1843
41 1864
41 1721
41 2011
41 2027
41 1930
41 2007
42 1911
42 1957
42 1917
42 1997
42 1887
42 1885
42 1852
42 1793
43 1959
43 1818
43 1781
43 1871
43 1917
43 1852
43 2034
44 2018
44 1875
44 1927
44 2015
44 2042
44 1877
44 1852
44 1942
44 1927
44 1932
44 1949
45 1873
45 1754
45 2007
45 1852
45 2002
45 1994
45 2034
45 2013
45 1898
45 1937
45 1917
45 1732
45 1872
45 1998
45 1927
45 1997
46 1943
46 2039
46 1957
46 2039
46 1885
47 2035
47 1997
47 1918
47 1911
48 1808
48 1987
48 1983
48 2025
48 2004
48 1983
48 1987
48 1973
48 1973
48 1953
48 2025
48 1742
48 1973
48 2039
48 1952
48 1871
48 1973
48 1973
48 1977
49 2042
49 1983
49 1876
49 1959
49 1741
49 2013
49 1896
49 1880
49 1885
49 2002
49 1783
49 2039
49 1738
49 1873
49 2039
49 1731
49 1885
49 2039
49 1783
49 1793
49 1896
49 1871
49 2020
49 2035
49 1997
49 1997
49 1818
49 1697
49 1806
49 1833
49 2034
49 2002
49 1801
49 2039
49 1997
49 2039
49 1741
49 1945
49 2002
49 1917
49 1997
49 1876
49 1675
49 1912
49 1873
49 2039
49 2011
49 1781
49 1783
49 1990
49 1982
49 2018
49 1911
49 2035
49 1959
49 1852
49 1683
49 2008
49 1997
49 1995
50 1937
50 1927
50 1741
50 1997
50 1723
50 1979
50 1918
50 2011
50 1898
50 1852
50 1917
50 1818
50 1997
50 1873
50 1912
50 1896
50 1997
50 1956
50 1854
50 1801
50 1783
50 2034
50 1996
50 1876
51 1915
51 1973
51 2030
51 1955
51 1950
52 1891
52 1896
52 2039
52 1818
52 1911
52 2002
52 2034
52 1932
52 1932
52 1801
52 2004
52 1875
52 1963
52 1750
52 1803
52 1852
52 1714
52 1807
52 1886
52 1731
52 1998
52 1998
52 1911
52 1697
52 1994
52 1741
52 1833
52 1800
52 1980
52 1640
52 2018
52 1891
52 1917
52 1831
52 1730
52 1675
52 1833
52 2011
52 2007
52 1773
53 1918
53 1976
53 1728
53 1896
53 1896
53 1873
53 1918
53 1998
54 1783
54 1683
54 2001
54 1917
54 1957
54 1974
54 1918
54 1995
54 2039
54 1725
54 1887
54 1898
54 2041
54 1885
54 1741
54 1994
54 2019
54 1927
54 2039
54 1957
54 1852
54 1979
54 1876
54 2007
54 1997
54 1818
54 1937
54 1963
54 1997
54 1998
54 2034
54 1896
54 1985
54 1930
54 1977
54 1757
54 1793
54 1880
54 1640
54 1918
54 2034
54 1956
54 1922
54 1964
54 1880
54 1892
54 1741
54 2034
54 2035
54 1781
54 1945
54 1880
55 1912
55 1873
55 1912
55 1973
56 1997
56 1918
56 1918
56 1990
56 1885
56 1912
56 1885
56 1885
56 2035
56 2027
56 2035
56 1885
56 1738
56 1917
57 2039
57 2007
57 2039
57 1833
58 1901
58 2004
58 1980
58 1892
59 1867
59 1945
59 1876
59 1700
59 1885
60 1918
60 1963
60 1783
60 1997
61 1873
61 1997
61 1990
61 1979
61 1885
61 1714
61 2035
61 2001
61 2034
62 2039
62 1880
62 1745
62 1982
62 2020
62 1927
62 1998
62 1683
62 1996
62 1918
62 1988
62 1924
62 2013
62 1917
62 1994
62 1804
62 1945
62 1885
62 1912
62 1997
62 2034
62 1852
62 1898
62 1917
63 1927
63 2034
63 1985
63 1697
63 1807
63 1876
63 2007
63 1803
63 1852
64 1885
64 2013
64 1917
64 1873
64 1875
64 1683
64 1801
64 1896
64 1807
64 1905
64 1873
64 1995
64 1937
64 1918
64 1997
64 1793
64 1925
64 1997
64 1731
64 2035
64 1912
64 1997
64 1927
64 1917
64 1807
64 1754
64 1854
64 1741
64 1757
64 1918
64 1818
64 2019
64 2018
64 1885
64 1783
64 1896
64 1957
64 2039
64 1852
64 1781
64 1880
64 1896
64 2011
64 1918
64 1732
64 1997
64 1880
64 1741
64 2035
64 2034
64 1871
64 1997
64 1922
64 1741
64 2018
64 1945
64 1852
64 1880
64 2034
64 1731
64 1911
64 1781
64 1918
64 1876
64 1898
64 2025
64 1918
64 1918
65 1922
65 1891
65 1981
65 1952
65 2034
65 1842
65 1922
65 2018
65 1905
66 1783
66 1898
66 1741
66 1754
66 1912
66 1918
66 1997
66 1741
66 1683
66 1801
66 1912
66 1783
67 1997
67 1994
67 2035
67 1683
67 1801
67 1876
67 1885
67 1912
67 1918
67 1945
67 1783
67 1995
67 1885
68 1957
68 1807
68 1973
68 2007
68 1876
68 1818
68 1898
68 2018
68 1891
68 1623
68 1937
68 1912
68 1927
68 1964
68 1793
68 1998
68 1700
68 2034
68 1731
69 2036
69 1961
69 1963
69 1971
69 1956
69 1963
69 1602
69 1983
69 1985
69 2012
69 1955
69 1922
69 1842
69 1927
69 2001
69 1867
69 2041
69 1942
70 2027
70 1887
70 1867
70 1885
70 1906
70 1918
70 1911
71 1966
71 2039
71 1741
71 1945
71 1951
71 2007
72 1781
72 1918
72 1918
72 1793
72 2020
72 1957
72 1898
73 2035
73 1885
73 2018
73 1885
73 2035
73 1885
74 2039
74 1768
74 2004
74 2030
74 1993
74 1755
74 2034
75 2039
75 1641
75 2039
75 1699
75 1699
75 1748
75 2039
75 1699
75 1699
75 2039
75 2039
75 2039
75 2039
75 1748
75 1748
75 2039
75 2039
75 1699
76 1695
76 2039
76 1695
76 2039
76 2039
76 2039
76 1748
76 1695
76 2039
76 1695
76 2039
76 1695
76 1695
76 2039
76 1695
77 1795
77 1795
77 1795
77 1641
77 2039
77 1795
77 1795
77 1795
77 1795
77 1795
78 1985
78 2022
78 2041
78 1997
79 1876
79 1963
79 1829
79 1822
80 1880
80 2035
80 2035
80 1885
80 1885
81 1880
81 1885
81 2035
81 2018
81 1754
81 2034
82 1683
82 1723
82 1807
82 1818
83 1852
83 1738
83 1741
83 2034
83 2039
83 1873
83 2013
83 1725
84 2020
84 2035
84 2035
84 2020
85 1959
85 2013
85 1945
85 1783
85 1911
85 1997
85 2018
85 1731
86 1959
86 2019
86 2029
86 2028
86 2039
87 1911
87 1917
87 1997
87 1873
87 1945
87 1896
87 1801
87 1852
87 1887
87 2034
87 1918
87 1793
87 1973
87 1963
87 1988
87 2011
87 1780
87 1937
87 1723
87 1741
87 1887
87 1885
87 1871
87 1783
87 1876
87 1818
87 1891
87 1998
87 1957
88 1991
88 1969
88 1991
88 1991
89 1996
89 1835
89 1818
89 1994
89 1994
89 1773
90 2039
90 1918
90 1731
90 1885
90 1924
90 1997
90 1854
90 1887
91 2002
91 1997
91 1727
91 2011
92 2035
92 1988
92 1697
92 1898
93 1918
93 2018
93 1887
93 1741
93 1991
93 1945
93 1732
93 2031
93 1957
93 1723
94 1945
94 1781
94 1852
94 1783
94 1885
94 1918
94 1918
94 1885
94 1731
94 1997
94 1741
94 1885
94 1854
94 1918
94 2035
94 1885
94 2020
95 1852
95 1683
95 1997
95 1640
95 1873
95 1854
95 1876
95 1818
95 1898
95 1918
95 1937
95 1917
95 1896
95 2039
95 1925
95 1793
95 1918
95 1807
95 1997
96 1998
96 1836
96 1871
96 1836
96 1922
96 1836
96 1836
96 1998
97 2039
97 1793
97 1957
97 1997
98 1980
98 1998
98 2007
98 1686
98 1983
99 2007
99 2022
99 2007
99 1851
100 1852
100 1852
100 1852
100 1852
100 1852
100 1852
101 1871
101 2039
101 2039
101 1871
101 1741
101 2039
102 1738
102 2034
102 1918
102 1801
102 1647
102 1918
102 1911
102 1924
102 1876
102 1887
102 1675
102 2011
102 1783
102 1754
102 1880
102 2013
102 1741
102 2013
102 1927
102 1918
102 1996
102 2002
102 2018
102 1783
102 1918
102 2039
102 1734
102 1880
102 1912
102 2039
102 2025
102 1997
102 2039
102 1852
102 1891
102 1880
102 1818
102 1723
102 1918
102 2034
102 1694
102 1793
102 2041
102 1957
102 1997
102 1731
102 1847
102 1918
102 1873
102 2017
102 1741
102 1714
103 2007
103 1793
103 1783
103 1818
103 1980
103 1981
103 2007
103 2018
103 1925
103 1753
104 1880
104 1997
104 1996
104 1959
104 1885
104 2011
104 1998
104 2007
104 1997
104 1996
105 1873
105 1917
105 1880
105 1996
105 1801
105 1664
105 1980
105 1899
105 1967
105 2042
105 1942
105 1869
105 1997
105 1818
105 2022
105 2041
105 1842
105 1898
105 1945
105 1741
105 1937
105 2018
105 1977
105 1956
105 2039
105 2004
105 1891
105 1781
105 1969
105 1876
105 1852
105 1891
105 1998
105 1793
106 1905
106 1790
106 1790
106 1818
107 1773
107 2007
107 1996
107 1876
107 1747
108 1971
108 1751
108 1969
108 1906
108 1963
108 1756
108 1967
108 1829
108 1852
108 1996
108 2030
109 1985
109 1985
109 1985
109 1985
110 1918
110 1741
110 1783
110 1891
110 1917
110 1957
110 2034
110 1818
111 1885
111 1842
111 2034
111 2018
111 2007
111 1833
111 1876
111 1994
112 1781
112 1950
112 1957
112 2025
112 1932
112 1820
112 1899
113 1998
113 1807
113 1950
113 1904
114 2039
114 1818
114 2034
114 1887
114 1783
114 2013
114 1959
114 1917
114 1997
114 2002
114 1731
114 1852
114 2039
114 1911
114 1801
114 1885
114 2018
114 2039
114 1873
114 1996
114 2011
114 1793
115 2039
115 1852
115 1945
115 1783
116 1880
116 1997
116 2013
116 1918
117 1723
117 1818
117 1945
117 1807
117 1790
117 1918
117 2018
117 1880
117 1898
117 1731
118 1877
118 1651
118 1976
118 1964
119 2007
119 1854
119 1917
119 2018
119 1873
119 1880
119 1731
119 1997
119 1876
119 1997
119 1957
119 1885
119 1918
119 1885
119 1918
119 1945
119 2011
119 1887
119 1783
119 1852
120 1741
120 2039
120 1990
120 1887
120 2039
120 1912
120 1997
120 2035
120 1918
120 1854
121 1911
121 1876
121 2027
121 2034
121 2007
122 1731
122 2039
122 2035
122 1880
122 1997
122 2039
123 2013
123 1898
123 1845
123 1918
123 1873
123 1845
123 1959
123 1918
123 1922
123 1814
123 1918
123 1964
124 1898
124 1885
124 1738
124 1746
124 1912
124 1963
124 1996
124 1781
124 1857
124 1714
124 1757
124 1700
125 1854
125 1936
125 1956
125 1981
125 1988
125 1981
125 1981
125 1898
126 1969
126 2034
126 1942
126 1967
126 1829
126 2035
126 2027
126 2034
126 1899
126 1929
126 1722
126 1898
126 1898
126 1956
126 2011
126 2013
126 1896
126 1972
126 1912
126 1918
126 2004
126 1925
126 1980
126 1963
126 2024
126 1996
126 1946
127 1683
127 1957
127 1876
127 1945
127 1801
127 1996
128 1741
128 1918
128 2039
128 2030
128 1996
128 2039
128 1997
128 1783
128 1963
128 1871
128 2020
129 2039
129 1640
129 1818
129 2034
130 1714
130 1990
130 1961
130 1988
130 1885
130 1741
130 1918
130 1961
131 1731
131 1852
131 1783
131 1925
131 1996
131 1957
131 2007
131 1945
131 1683
131 1891
131 1959
132 2027
132 1921
132 1922
132 1852
133 2039
133 2035
133 1711
133 1658
134 1808
134 1753
134 1873
134 1977
134 2001
134 2027
134 2007
134 1871
134 1781
134 2001
134 1905
134 2020
134 1918
134 1932
134 1959
134 2035
134 1896
134 2022
134 1922
134 1917
135 2011
135 1887
135 1871
135 1996
135 1892
136 2035
136 1988
136 1988
136 1988
137 1845
137 1807
137 1876
137 1924
137 1957
138 1963
138 1829
138 1988
138 2035
139 2039
139 1918
139 1918
139 2013
140 1996
140 1845
140 1738
140 1785
140 2019
140 1876
140 1790
141 2035
141 1675
141 2039
141 1854
142 2039
142 2039
142 1783
142 2039
143 1778
143 1722
143 1963
143 1896
144 1885
144 1997
144 2039
144 1911
145 2025
145 1997
145 2034
145 1918
145 1911
146 1973
146 1746
146 1973
146 1981
146 1998
146 1998
147 2039
147 1818
147 1957
147 1731
147 2013
147 1670
147 1912
147 1899
148 1818
148 1880
148 1963
148 2034
148 1741
148 1896
149 2041
149 1873
149 1918
149 1752
150 1880
150 1918
150 1711
150 1880
150 1994
150 1781
150 1964
150 1871
150 1885
150 1893
150 1911
150 1741
150 2020
150 1945
150 2039
150 1963
151 1885
151 1781
151 1994
151 1957
152 1899
152 1852
152 1885
152 1876
152 2041
153 1741
153 1873
153 1876
153 2039
153 1664
153 1873
153 1700
153 1979
154 1998
154 1994
154 1937
154 1924
154 1957
154 1852
154 1793
154 1867
154 1741
154 2007
154 1885
154 1927
154 2019
154 2034
155 1927
155 1772
155 1922
155 1972
155 2035
155 1848
155 1892
155 1995
156 1957
156 1973
156 1731
156 1876
156 2039
156 1996
156 1917
157 1917
157 1723
157 2035
157 1885
157 1683
158 2008
158 1972
158 1983
158 2001
159 1922
159 2012
159 1996
159 1995
159 1970
159 1998
159 1880
159 2001
159 2001
159 1994
159 1963
159 1867
159 1885
159 1829
159 1683
159 2035
159 2041
159 1972
160 1979
160 1714
160 1918
160 1997
160 1917
160 1722
160 1896
161 2013
161 2001
161 2012
161 2035
162 1880
162 1909
162 2013
162 1905
163 2020
163 1783
163 1918
163 1911
163 1876
163 1880
164 1967
164 1977
164 1858
164 1955
164 1885
165 1981
165 1918
165 1912
165 1997
166 1997
166 1741
166 1912
166 1918
167 2013
167 1997
167 1997
167 1880
168 1783
168 2039
168 1731
168 1957
168 1997
168 1885
168 2039
168 1885
168 1885
168 1918
168 1997
168 1885
168 1917
168 1741
168 2018
168 2039
168 1945
169 2039
169 1911
169 1683
169 1714
169 1997
169 1945
170 2041
170 2034
170 1957
170 1876
170 1997
170 1885
170 1852
170 1945
170 2039
170 2007
170 1911
170 1917
171 1750
171 1988
171 1896
171 2039
171 1988
171 1922
171 1926
171 1885
171 1750
171 1852
171 1750
171 1917
171 1963
171 1927
171 1896
171 1750
171 1873
171 1896
171 1918
172 1833
172 1846
172 1833
172 1911
172 1988
173 1885
173 2039
173 1885
173 1892
173 1783
173 1731
173 1801
174 1899
174 1803
174 1980
174 2028
175 1852
175 1980
175 1920
175 1750
175 1957
175 2011
175 2011
175 1808
176 1781
176 1918
176 1891
176 1683
177 1852
177 1994
177 1988
177 2020
177 1725
177 1957
177 2035
177 1781
177 1911
177 2011
177 1783
177 1846
177 2034
177 1917
177 1818
177 1873
177 1876
178 2002
178 1898
178 2034
178 1945
178 1876
178 1885
178 1741
178 1997
178 1781
178 1945
178 1997
179 2020
179 1891
179 1927
179 1876
179 1885
179 1683
179 2034
179 1997
180 1885
180 1918
180 1995
180 1867
180 1876
180 1994
180 1741
180 1918
181 1738
181 1891
181 2039
181 1741
181 2034
181 1918
181 1781
182 1867
182 2007
182 1783
182 1876
182 1741
182 1885
182 1998
182 1783
182 1997
182 1896
182 1683
182 1994
183 2034
183 1723
183 2027
183 1851
183 1898
183 1876
183 1994
183 1973
183 1979
183 1773
183 2042
183 1833
183 1988
183 1988
183 1930
183 1731
183 1927
183 2007
184 1670
184 2034
184 1873
184 1997
184 1911
184 1885
184 1957
184 1873
184 1714
184 1885
184 1793
184 1783
185 2034
185 1918
185 1995
185 1963
186 1670
186 1997
186 1957
186 1911
187 1996
187 2034
187 1925
187 1896
187 1878
187 1880
188 1988
188 1873
188 1876
188 1994
189 1945
189 1741
189 1793
189 1997
189 2002
189 1997
189 1781
189 1994
189 1891
189 1683
190 1880
190 2039
190 1793
190 1741
190 1945
190 2041
191 1871
191 1871
191 2013
191 1957
192 1847
192 1807
192 1836
192 1847
192 1847
192 1762
192 1851
192 1836
192 2007
192 2007
192 1918
192 1683
192 1762
192 1879
192 2013
192 1979
192 1722
192 1891
192 1823
192 1835
192 2013
192 1847
192 1863
192 1852
192 1835
192 1843
192 1952
192 1823
192 1952
192 1879
192 1901
192 1781
192 2022
193 2013
193 2002
193 2026
193 1929
193 1782
193 2011
193 1962
193 2004
194 1818
194 1741
194 1911
194 1917
194 1867
194 1994
194 1683
194 1997
194 1793
194 1885
194 1945
194 1911
194 1998
194 1927
194 1957
194 2034
195 1722
195 1722
195 1722
195 1722
195 1880
195 1722
195 1722
195 1722
195 1722
195 1918
195 1722
195 1722
195 1722
195 1722
195 1722
195 1722
195 1722
196 1963
196 1700
196 1927
196 1711
196 1750
196 1722
196 1845
196 1852
196 2001
196 1750
196 1871
196 1871
196 1922
196 1750
196 1917
196 1750
196 1963
196 1750
196 1873
196 1750
196 1852
196 1711
196 1963
197 1996
197 1894
197 1930
197 1998
198 1880
198 1880
198 1921
198 1880
198 1885
199 1988
199 1873
199 1722
199 1871
200 1887
200 1871
200 1873
200 1921
201 2002
201 1955
201 1898
201 1891
201 1818
201 1867
201 2039
201 2034
201 1994
201 1873
201 1891
201 1741
202 2008
202 1740
202 1873
202 1911
203 1885
203 2020
203 2039
203 1871
204 1873
204 1918
204 1722
204 1873
204 1873
204 1918
204 1722
205 1996
205 1997
205 1741
205 1741
205 1818
206 2034
206 1714
206 2035
206 1741
207 1963
207 1917
207 1873
207 1754
208 1818
208 1918
208 1918
208 1996
208 1723
208 1896
208 2034
208 2007
208 1994
208 1998
209 1885
209 1927
209 1912
209 1937
210 1781
210 1912
210 1988
210 2001
210 1793
210 1731
210 1994
211 2019
211 1997
211 1973
211 1979
212 1873
212 1997
212 1911
212 1918
213 2039
213 1871
213 2013
213 1675
214 1918
214 2039
214 1963
214 1963
214 1909
215 1777
215 1910
215 1930
215 1972
215 1877
215 1953
215 1730
215 1879
215 1952
215 1998
216 2041
216 1911
216 1725
216 1871
216 1741
217 1711
217 1988
217 1924
217 1770
217 1896
217 1896
218 1814
218 1751
218 1964
218 1778
219 1997
219 1683
219 1994
219 1917
219 1997
219 1793
219 1741
219 1741
220 1927
220 1927
220 1907
220 1969
220 1879
221 1911
221 1783
221 1781
221 1918
222 2041
222 2007
222 1891
222 1997
222 2002
222 2034
222 1873
222 1873
222 1700
223 1876
223 1728
223 1918
223 1885
224 1885
224 1725
224 1880
224 1873
225 1997
225 1801
225 1957
225 2034
225 1741
225 1945
226 1783
226 1997
226 2039
226 1917
226 1783
226 1957
226 2013
227 1867
227 1996
227 2041
227 1781
228 2013
228 1911
228 1876
228 1959
228 2008
229 2034
229 1820
229 2034
229 1851
229 1980
229 1900
229 1851
229 1922
230 1885
230 1876
230 1725
230 1867
231 1833
231 1950
231 2011
231 1892
231 1962
231 1913
231 1833
231 1833
232 2031
232 1876
232 1818
232 1818
232 2022
232 1944
233 1884
233 1784
233 1853
233 1818
233 1929
234 1885
234 1998
234 2004
234 1807
235 1937
235 1869
235 2004
235 1876
236 2041
236 1854
236 1994
236 1963
237 1885
237 1741
237 2034
237 1918
238 1918
238 1732
238 2041
238 1918
238 1871
239 1880
239 1979
239 1963
239 1997
240 1979
240 2035
240 2041
240 2001
240 2012
240 1997
241 1683
241 1876
241 2020
241 1741
241 1964
241 2007
241 2035
241 1790
241 1927
241 2034
241 1725
242 1781
242 1998
242 1731
242 1818
243 2039
243 1873
243 1906
243 1922
244 1927
244 1998
244 1905
244 1963
244 1871
244 1930
244 1781
244 1871
244 1773
245 2001
245 2041
245 1805
245 1922
245 2034
245 1805
246 1996
246 1880
246 1725
246 1880
246 2035
246 1725
247 1896
247 1896
247 1751
247 1896
248 1945
248 2018
248 1997
248 2011
248 1773
248 1801
248 1998
248 1996
248 1876
249 1876
249 1949
249 1992
249 2013
249 1732
249 1876
249 1770
249 1780
250 1911
250 1995
250 1753
250 2027
250 2019
250 1785
250 1994
250 1945
250 1998
250 2007
250 1963
250 1898
250 1818
250 1852
250 1845
250 1927
250 1912
250 2027
251 1885
251 1957
251 1723
251 1852
251 1731
251 2039
251 1683
251 1945
251 1873
251 2011
251 1998
251 2002
251 2013
251 1781
251 1876
251 1801
251 1675
251 1783
251 1818
251 1885
251 1783
251 1885
251 1741
251 2039
251 2035
251 2034
251 1891
251 1997
251 1880
251 1683
251 2018
251 1880
252 1978
252 1917
252 1854
252 2041
253 1873
253 1769
253 2001
253 1754
254 1781
254 1963
254 2041
254 2007
254 1937
254 1773
254 1741
254 2034
255 1911
255 2034
255 1945
255 1683
256 1898
256 1961
256 2007
256 1997
256 1896
257 1740
257 1842
257 1942
257 1921
258 1885
258 1805
258 1918
258 1956
259 1918
259 1988
259 2013
259 1628
259 1896
259 1670
260 1922
260 1996
260 1714
260 1738
261 1917
261 1994
261 1876
261 1835
261 1876
261 1927
262 2039
262 1997
262 1880
262 1880
263 1917
263 1959
263 1741
263 1997
264 1998
264 2007
264 1957
264 1885
264 1898
265 1963
265 1871
265 2034
265 1871
265 1988
265 1918
265 1998
265 1997
266 1955
266 1945
266 1805
266 1996
266 2034
266 1927
266 1852
266 1873
266 1981
266 1937
266 1959
266 2027
266 1922
266 1807
266 1732
266 2007
267 1741
267 1722
267 2039
267 1873
267 1997
267 2035
267 1871
268 1871
268 1943
268 1956
268 2001
268 1937
269 2035
269 2039
269 1945
269 1875
269 1885
269 1994
269 1722
269 2007
269 1892
270 1922
270 1998
270 1852
270 1871
271 2002
271 1873
271 1876
271 1957
271 1885
272 1918
272 1945
272 1873
272 2013
273 1723
273 1807
273 1996
273 1959
273 1885
273 1873
273 1945
273 2011
273 1885
273 2013
273 1675
273 1818
273 1852
273 2039
273 1781
273 1896
273 2018
273 1867
273 1997
273 2002
273 1741
273 1994
273 1917
273 2034
273 1885
273 1867
273 1998
273 1885
274 1950
274 1910
274 1842
274 1998
274 1936
274 1709
274 1807
274 1973
274 1973
275 2039
275 1885
275 1741
275 2039
275 1818
275 2018
275 1885
275 1997
275 1783
275 2035
275 1918
275 1917
275 1783
276 1917
276 1694
276 1694
276 1814
276 1917
276 1694
276 1694
276 1658
276 1694
277 1997
277 2035
277 1997
277 1783
277 1741
277 2039
277 1783
278 2039
278 1675
278 1783
278 2039
279 1885
279 1781
279 2013
279 1898
280 2025
280 1911
280 1922
280 1911
281 1887
281 2039
281 2013
281 2018
281 2039
281 1885
281 1880
281 1885
281 2039
281 1917
281 1918
281 1885
281 2039
281 1731
281 1880
281 2039
281 1997
282 1996
282 1752
282 1981
282 1815
282 1972
283 2039
283 2039
283 2039
283 2039
284 1885
284 1979
284 1658
284 1997
285 1779
285 1686
285 1924
285 1886
285 1843
285 1936
285 1922
285 1696
285 1924
285 1898
286 1876
286 1937
286 1945
286 1917
286 1997
286 1873
286 1994
286 1694
286 2002
286 1898
286 1781
286 1867
286 1918
286 1911
286 1801
286 1885
286 1998
287 1994
287 1917
287 1957
287 2034
287 1885
288 1818
288 1876
288 2002
288 1793
288 1885
288 1957
288 1911
288 1896
289 1917
289 1876
289 1885
289 1997
289 2034
289 1873
289 1911
290 1994
290 1857
290 1804
290 2011
290 2018
290 1800
290 1969
290 2019
290 2007
290 1962
290 1961
290 1969
290 1927
290 1974
290 2011
290 1956
290 1898
290 1969
290 1995
290 1879
290 1869
290 1921
291 2007
291 1983
291 1996
291 2019
292 2041
292 1871
292 1683
292 1911
293 1924
293 1911
293 1918
293 1783
294 1873
294 1714
294 1997
294 2035
295 1997
295 1714
295 1818
295 1945
295 2018
295 1683
295 2034
295 1731
296 1873
296 1847
296 2034
296 1876
296 2034
296 1873
296 1898
296 2011
297 2018
297 1957
297 1783
297 1945
297 1876
297 1997
297 1873
297 1917
298 1885
298 1741
298 1917
298 1911
299 1911
299 1945
299 2034
299 1818
299 1731
299 1880
300 1876
300 1852
300 1781
300 2034
300 1885
300 1741
300 1818
301 1956
301 2011
301 1876
301 1997
301 2034
301 2013
301 1741
301 1911
302 1885
302 2007
302 2007
302 1781
302 1998
302 1911
302 1876
302 1732
303 1793
303 1871
303 1959
303 1725
304 1773
304 1956
304 1781
304 1741
304 1937
304 1876
304 1918
304 1740
305 1918
305 1917
305 2013
305 1683
305 2039
305 1731
305 1783
305 1880
306 1917
306 1994
306 1876
306 1793
306 1871
306 1911
307 1885
307 1997
307 1997
307 2041
308 1918
308 1896
308 1876
308 1918
308 1873
309 2007
309 1740
309 1780
309 1927
310 2039
310 1998
310 1876
310 1994
311 1981
311 1826
311 2007
311 2039
312 2039
312 1885
312 1876
312 1945
312 1997
312 2002
313 2030
313 1993
313 1993
313 1993
313 1641
313 2039
313 1993
313 1993
313 1993
313 1993
313 1993
314 1993
314 1993
314 1993
314 1641
314 2039
314 1993
314 1993
314 1993
314 1993
314 1993
315 2039
315 2039
315 1603
315 2039
315 1755
315 1699
315 2039
315 1755
315 1603
315 1699
315 2039
315 1755
315 1755
316 1833
316 2034
316 1994
316 1683
317 1905
317 2002
317 1876
317 1873
317 1994
317 1885
317 1880
317 1911
317 1998
317 1892
318 1867
318 1740
318 1885
318 1981
319 2039
319 2041
319 1996
319 1793
319 1807
319 1875
319 1885
319 1801
319 1898
319 1892
319 1741
319 1997
319 1945
319 1998
319 2007
319 2034
319 1781
319 1675
319 2018
319 1996
319 1917
319 1723
319 1876
319 1994
319 1818
319 1852
319 1731
319 1957
319 1623
319 1885
319 1872
319 1783
319 1885
319 1891
319 1937
319 1880
320 1918
320 1918
320 1783
320 1880
320 1997
321 1871
321 1801
321 1887
321 1997
321 1945
321 1997
321 1783
321 1917
322 1994
322 1998
322 1937
322 2034
322 1852
322 1683
322 1896
323 1911
323 2019
323 2034
323 1780
323 1873
324 1885
324 1747
324 1942
324 1963
325 1994
325 1998
325 1942
325 1793
326 1876
326 1873
326 1741
326 2020
327 1675
327 1741
327 1885
327 2039
327 1871
327 1997
327 2039
328 1937
328 1781
328 1898
328 1957
328 1885
329 1873
329 1896
329 2035
329 2041
329 1741
329 1927
329 1867
329 2034
329 1852
329 1898
329 1994
329 1876
329 1918
330 2002
330 1917
330 1741
330 1781
331 1880
331 1683
331 1741
331 2039
332 1885
332 2034
332 1891
332 1683
333 1994
333 1876
333 1783
333 1781
333 1885
334 2041
334 1773
334 1963
334 1871
334 1918
334 1847
334 1871
334 1927
334 1871
334 1871
334 1917
335 1878
335 1889
335 2013
335 1675
336 1988
336 2041
336 1714
336 2002
337 1918
337 1918
337 1918
337 1918
338 1997
338 1997
338 1997
338 1997
339 1814
339 1885
339 1922
339 1896
339 1911
339 2039
340 2041
340 2039
340 1963
340 1670
341 1700
341 1700
341 1880
341 1997
341 1918
341 1885
341 1741
341 1885
341 1880
341 2020
341 2035
341 2039
341 1918
341 1783
341 1880
341 1922
341 1820
342 1922
342 1602
342 1867
342 1961
343 1880
343 1918
343 1873
343 1957
344 1948
344 1948
344 1948
344 1948
344 1948
344 1948
344 1948
344 1948
344 1948
344 1948
344 1948
345 1909
345 1936
345 1852
345 2034
346 1871
346 1871
346 1876
346 1921
346 1740
346 2018
346 1885
346 1781
347 1741
347 2018
347 1911
347 1898
347 2007
347 2041
348 1885
348 2039
348 2039
348 2039
349 1741
349 1988
349 1911
349 1876
349 1957
349 1867
350 1973
350 2007
350 1998
350 2007
350 2007
350 1780
350 1785
350 1957
350 2007
350 1876
350 1911
351 1885
351 1896
351 1918
351 1873
352 2002
352 1873
352 1918
352 1896
353 1867
353 1898
353 1994
353 2035
353 1885
354 1885
354 1793
354 1876
354 1683
355 2035
355 1801
355 2034
355 1997
356 1876
356 1998
356 2034
356 1994
357 1994
357 1773
357 2034
357 1740
358 1937
358 2007
358 2034
358 2034
359 1998
359 2018
359 2011
359 1962
360 1937
360 2041
360 1876
360 1963
361 1731
361 1873
361 2035
361 1997
361 1873
361 1783
362 1871
362 2018
362 1731
362 2011
362 1723
363 1801
363 1996
363 2018
363 1683
363 1957
363 1723
363 1917
363 2011
363 1911
363 1731
364 1741
364 2013
364 1867
364 1997
364 1917
364 1997
364 1783
364 1996
364 1918
364 1783
364 1801
364 1896
364 1852
364 1783
364 2034
364 2018
364 2039
364 1725
364 1731
364 2039
364 1918
364 2039
364 1675
365 1731
365 1957
365 1725
365 1801
366 1896
366 1979
366 1725
366 1911
367 1945
367 1783
367 2034
367 1683
367 2018
367 2018
367 1741
367 1731
368 1872
368 1871
368 1918
368 1738
368 1801
368 1880
368 2011
368 1683
368 1917
368 1783
368 1818
368 2018
368 1731
368 1741
368 1781
368 2018
368 1885
368 1675
368 1957
369 1885
369 1997
369 1783
369 1783
369 1997
369 1918
369 1741
369 1880
369 1997
369 1700
370 1885
370 2018
370 1731
370 1945
370 2013
370 2012
370 1783
370 1683
370 1783
370 2035
370 1783
371 2039
371 1675
371 2039
371 2002
372 1956
372 1994
372 1922
372 1922
373 2039
373 2007
373 1979
373 1988
374 2015
374 1869
374 1869
374 1869
374 1915
375 1873
375 1997
375 1854
375 1997
376 1738
376 1918
376 1927
376 2035
376 1880
377 2012
377 1967
377 1936
377 1990
378 1937
378 1807
378 1880
378 1807
379 2004
379 1781
379 1985
379 1996
379 1885
380 1990
380 1927
380 1793
380 1937
381 1683
381 1683
381 1871
381 1918
381 1996
381 1731
381 1783
381 1911
381 1738
381 1891
382 1955
382 1973
382 1728
382 1955
383 1936
383 1909
383 1977
383 1956
383 2034
383 2034
383 2035
384 2004
384 1851
384 2022
384 2004
385 1964
385 2012
385 1730
385 1955
386 2035
386 2004
386 1946
386 1820
387 1981
387 2008
387 2007
387 1936
387 2034
387 2034
388 2019
388 2019
388 2019
388 2019
388 2019
388 2019
388 2019
388 2019
389 2007
389 2007
389 1836
389 2007
390 2027
390 1823
390 1882
390 2041
390 1981
390 1981
391 1823
391 1882
391 1875
391 2041
392 2007
392 2007
392 1998
392 2007
393 2039
393 2039
393 2039
393 2039
